<?xml version="1.0" encoding="UTF-8"?>
<svg version="1.1" xmlns="http://www.w3.org/2000/svg" width="664" height="657">
<path d="M0 0 C1.49843507 1.2904583 2.97953707 2.60148564 4.4375 3.9375 C5.38496094 4.78248047 5.38496094 4.78248047 6.3515625 5.64453125 C21.39097468 19.78952905 28.2592487 39.42960269 29.4375 59.65625 C29.4375 78.58132827 22.57352882 96.56955784 10.4375 110.9375 C9.99019531 111.52917969 9.54289062 112.12085938 9.08203125 112.73046875 C-0.41394462 124.89979854 -17.51785985 134.62982856 -32.6640625 137.546875 C-45.31156031 138.81415935 -58.1431352 138.14926315 -70.81054688 137.47021484 C-105.58015151 135.64350985 -138.04073587 143.63552113 -164.5546875 167.14453125 C-185.56967013 186.34741968 -197.80846791 212.72827888 -200.5625 240.9375 C-200.64536152 243.58412301 -200.68982177 246.20218768 -200.67602539 248.84732056 C-200.67624868 249.98026977 -200.67624868 249.98026977 -200.67647648 251.13610685 C-200.67578651 253.64757048 -200.66796311 256.15895935 -200.66015625 258.67041016 C-200.65823461 260.48229939 -200.65677198 262.29418915 -200.6557312 264.1060791 C-200.65257271 268.00949717 -200.64630507 271.91289351 -200.63766479 275.81630325 C-200.62401215 282.05928627 -200.61821667 288.30226228 -200.61352539 294.54525757 C-200.60058307 310.1020416 -200.57638764 325.65880638 -200.55212402 341.21557617 C-200.40734901 434.80556846 -200.40734901 434.80556846 -200.82595825 467.22462082 C-200.85797101 469.78595268 -200.88573208 472.34734222 -200.90866089 474.90877151 C-201.21115871 506.51922433 -206.9300807 533.57743595 -230.109375 556.56201172 C-259.92959918 584.78901828 -298.50751729 581.48864627 -336.625 580.5 C-337.80789108 580.47079971 -337.80789108 580.47079971 -339.01467896 580.44100952 C-341.25086499 580.38411053 -343.48673256 580.32024172 -345.72265625 580.25390625 C-347.01824463 580.21724854 -348.31383301 580.18059082 -349.64868164 580.14282227 C-352.5625 579.9375 -352.5625 579.9375 -353.5625 578.9375 C-353.67038399 576.86543653 -353.70650766 574.78963652 -353.71627426 572.71478939 C-353.72072367 572.05418983 -353.72517307 571.39359028 -353.72975731 570.71297255 C-353.7435676 568.47172803 -353.75014905 566.23051906 -353.7567749 563.98924255 C-353.76507831 562.37715719 -353.7737918 560.7650739 -353.78288293 559.15299278 C-353.80659122 554.70129303 -353.82378907 550.24958798 -353.83981514 545.79785478 C-353.85432079 541.98477838 -353.87250325 538.17172292 -353.89064655 534.35866236 C-354.06183777 498.21888285 -354.14627631 462.07860857 -354.21456528 425.93850613 C-354.22361429 421.2326854 -354.23282385 416.52686503 -354.2421875 411.82104492 C-354.24450741 410.65138792 -354.24682733 409.48173091 -354.24921754 408.27662975 C-354.28799147 389.32850132 -354.36852726 370.38077817 -354.46531627 351.43286692 C-354.5638021 331.99207442 -354.62073255 312.55149242 -354.63814378 293.11045605 C-354.64905815 282.18983341 -354.67889051 271.26995013 -354.75609589 260.34957695 C-354.82183019 251.04866282 -354.85055564 241.74858147 -354.83052835 232.44743966 C-354.82148666 227.7005438 -354.83036643 222.9554499 -354.88721848 218.20884705 C-354.93887802 213.8620746 -354.93968388 209.51835396 -354.90017512 205.1714815 C-354.89483399 203.59999456 -354.90808767 202.0283104 -354.94189379 200.45717805 C-355.17892537 188.7436665 -355.17892537 188.7436665 -351.17593813 184.27079594 C-348.38569849 182.19917626 -345.65079025 180.5226794 -342.5625 178.9375 C-341.77681318 178.49756869 -340.99112636 178.05763739 -340.18163085 177.60437483 C-338.2379833 176.53380136 -336.27370573 175.59679358 -334.25 174.6875 C-333.16235352 174.1912915 -333.16235352 174.1912915 -332.05273438 173.68505859 C-315.68481251 166.41560688 -299.33703126 165.031197 -281.6875 164.5 C-237.15737057 163.06499079 -189.00926979 144.19073222 -157.93359375 111.41015625 C-157.25490234 110.68119141 -157.25490234 110.68119141 -156.5625 109.9375 C-155.7375 109.133125 -154.9125 108.32875 -154.0625 107.5 C-138.55892679 91.60883746 -129.19829139 73.92232787 -125.8984375 52.03564453 C-122.45853904 30.55127872 -112.86241891 12.53204621 -95.5625 -1.0625 C-66.57188329 -21.7327724 -28.35776326 -22.09417258 0 0 Z " fill="#0D6B8D" transform="translate(625.5625,49.0625)"/>
<path d="M0 0 C3.84928119 3.26072678 3.84928119 3.26072678 5.47265625 5.0703125 C5.47265625 5.7303125 5.47265625 6.3903125 5.47265625 7.0703125 C6.13265625 7.0703125 6.79265625 7.0703125 7.47265625 7.0703125 C21.77718035 25.43979129 28.2175777 45.81480864 26.47265625 69.0703125 C24.26292623 86.02870564 17.25792843 101.59178902 5.47265625 114.0703125 C4.81265625 114.0703125 4.15265625 114.0703125 3.47265625 114.0703125 C3.25351562 114.64007813 3.034375 115.20984375 2.80859375 115.796875 C-3.68027837 126.83934159 -21.21966531 133.31578982 -32.78173828 136.52612305 C-42.5211237 138.77646205 -52.48985587 138.53346912 -62.43103027 138.66558838 C-74.86854465 138.83846049 -86.51249865 139.573149 -98.52734375 143.0703125 C-99.66260498 143.38959717 -99.66260498 143.38959717 -100.82080078 143.71533203 C-120.21613559 149.29103459 -138.0729693 158.83256855 -153.66015625 171.66015625 C-155.53668045 173.07736386 -157.39520676 174.08952948 -159.52734375 175.0703125 C-159.52734375 175.7303125 -159.52734375 176.3903125 -159.52734375 177.0703125 C-160.890625 178.33984375 -160.890625 178.33984375 -162.83984375 179.8828125 C-186.98207909 200.47848938 -199.79494573 230.55644036 -203.96484375 261.3203125 C-205.08781595 269.44602812 -206.97798836 276.6176774 -210.52734375 284.0703125 C-211.19056641 285.47990234 -211.19056641 285.47990234 -211.8671875 286.91796875 C-221.02209189 304.94881923 -236.66569276 318.98748228 -255.87060547 325.35253906 C-275.51497245 331.49913279 -297.08776307 330.68678222 -315.52734375 321.0703125 C-335.17019873 310.0862583 -349.54106122 293.56919627 -355.90234375 271.6953125 C-361.07537346 250.80088208 -357.38537384 228.83039771 -346.33984375 210.5078125 C-334.41242732 192.6934738 -317.40245201 180.53877593 -296.4765625 175.61328125 C-288.19510516 174.08861559 -280.24606957 174.0443279 -271.84835815 174.16763306 C-235.32157406 174.62803124 -201.04786057 163.91714427 -173.52734375 139.0703125 C-172.64433594 138.15894531 -171.76132813 137.24757812 -170.8515625 136.30859375 C-168.52734375 134.0703125 -168.52734375 134.0703125 -166.52734375 134.0703125 C-166.26695312 133.47992188 -166.0065625 132.88953125 -165.73828125 132.28125 C-164.45328834 129.93510165 -163.10358827 128.51022553 -161.15234375 126.6953125 C-158.08570938 123.71719954 -155.82076051 120.69539061 -153.52734375 117.0703125 C-152.57844178 115.79242159 -151.61929789 114.52209879 -150.65234375 113.2578125 C-144.8582537 105.55181868 -140.28961962 97.97658502 -136.52734375 89.0703125 C-151.69915448 81.52271979 -168.05081068 79.59206721 -184.48046875 84.046875 C-200.58727694 89.45711057 -212.73402283 101.27385015 -222.33984375 115.0703125 C-232.78132279 129.26507995 -250.64492447 138.16372493 -267.58984375 141.3828125 C-287.48351079 144.11950744 -308.24105295 139.93773027 -324.71875 128.23046875 C-341.28570832 115.48842709 -353.68888279 99.39500752 -357.22998047 78.38671875 C-360.01360434 56.70279159 -355.67539317 34.90181743 -342.52734375 17.0703125 C-340.33984375 14.6328125 -340.33984375 14.6328125 -337.52734375 12.0703125 C-336.84027344 11.40257813 -336.15320313 10.73484375 -335.4453125 10.046875 C-325.18570516 0.33422573 -314.05491881 -5.91368866 -300.52734375 -9.9296875 C-299.72296875 -10.17589844 -298.91859375 -10.42210937 -298.08984375 -10.67578125 C-279.7023751 -15.3045711 -258.59486475 -11.58824727 -242.44140625 -2.12109375 C-239.76988084 -0.43473716 -237.13845077 1.29225163 -234.52734375 3.0703125 C-233.53734375 3.7303125 -232.54734375 4.3903125 -231.52734375 5.0703125 C-231.52734375 5.7303125 -231.52734375 6.3903125 -231.52734375 7.0703125 C-230.93695313 7.33457031 -230.3465625 7.59882812 -229.73828125 7.87109375 C-223.80880114 11.08726053 -218.44656427 17.62934336 -214.52734375 23.0703125 C-214.52734375 23.7303125 -214.52734375 24.3903125 -214.52734375 25.0703125 C-213.86734375 25.0703125 -213.20734375 25.0703125 -212.52734375 25.0703125 C-211.8003125 25.81023437 -211.07328125 26.55015625 -210.32421875 27.3125 C-207.38963313 30.20609979 -204.34914424 32.21368714 -200.77734375 34.1953125 C-200.16189697 34.54150635 -199.5464502 34.8877002 -198.91235352 35.24438477 C-184.65113803 43.08142754 -166.56581931 44.95508059 -150.82592773 40.58544922 C-131.40397749 34.32554098 -119.34303586 21.78272814 -107.2265625 5.9765625 C-106.66582031 5.3475 -106.10507812 4.7184375 -105.52734375 4.0703125 C-104.86734375 4.0703125 -104.20734375 4.0703125 -103.52734375 4.0703125 C-103.52734375 3.4103125 -103.52734375 2.7503125 -103.52734375 2.0703125 C-102.86734375 2.0703125 -102.20734375 2.0703125 -101.52734375 2.0703125 C-101.19734375 1.0803125 -100.86734375 0.0903125 -100.52734375 -0.9296875 C-98.53320162 -2.50401024 -96.59899116 -3.88286344 -94.46484375 -5.2421875 C-93.84577148 -5.63736572 -93.22669922 -6.03254395 -92.58886719 -6.43969727 C-85.62218905 -10.71691766 -78.29969823 -13.48268156 -70.52734375 -15.9296875 C-69.68042969 -16.19652344 -68.83351563 -16.46335937 -67.9609375 -16.73828125 C-44.28579584 -22.70853437 -18.90576222 -14.43500238 0 0 Z " fill="#0D6C8C" transform="translate(398.52734375,47.9296875)"/>
<path d="M0 0 C3.84928119 3.26072678 3.84928119 3.26072678 5.47265625 5.0703125 C5.47265625 5.7303125 5.47265625 6.3903125 5.47265625 7.0703125 C6.13265625 7.0703125 6.79265625 7.0703125 7.47265625 7.0703125 C21.77718035 25.43979129 28.2175777 45.81480864 26.47265625 69.0703125 C24.26292623 86.02870564 17.25792843 101.59178902 5.47265625 114.0703125 C4.81265625 114.0703125 4.15265625 114.0703125 3.47265625 114.0703125 C3.25351562 114.64007813 3.034375 115.20984375 2.80859375 115.796875 C-3.68027837 126.83934159 -21.21966531 133.31578982 -32.78173828 136.52612305 C-42.5211237 138.77646205 -52.48985587 138.53346912 -62.43103027 138.66558838 C-74.86854465 138.83846049 -86.51249865 139.573149 -98.52734375 143.0703125 C-99.66260498 143.38959717 -99.66260498 143.38959717 -100.82080078 143.71533203 C-120.21613559 149.29103459 -138.0729693 158.83256855 -153.66015625 171.66015625 C-155.53668045 173.07736386 -157.39520676 174.08952948 -159.52734375 175.0703125 C-159.52734375 175.7303125 -159.52734375 176.3903125 -159.52734375 177.0703125 C-160.890625 178.33984375 -160.890625 178.33984375 -162.83984375 179.8828125 C-172.4530865 188.08384437 -179.84087415 198.43549772 -186.52734375 209.0703125 C-187.05585938 209.90433594 -187.584375 210.73835937 -188.12890625 211.59765625 C-189.27244057 213.41517309 -190.40193215 215.24151865 -191.52734375 217.0703125 C-191.85734375 216.4103125 -192.18734375 215.7503125 -192.52734375 215.0703125 C-190.37961868 208.6271373 -186.57529786 203.46758465 -182.52734375 198.0703125 C-181.92535156 197.26078125 -181.32335937 196.45125 -180.703125 195.6171875 C-154.45403949 161.99360448 -118.57034076 141.31897818 -76.41699219 135.47875977 C-68.69968149 134.66837433 -60.94371632 134.67989766 -53.18994141 134.61401367 C-32.94381097 134.41007324 -16.21469923 129.33880927 -0.52734375 116.0703125 C0.1275 115.51730469 0.78234375 114.96429688 1.45703125 114.39453125 C13.13502376 103.6004235 22.55254352 86.36096304 23.65991211 70.36547852 C23.7409186 67.32685198 23.74552443 64.29737518 23.72265625 61.2578125 C23.73039062 60.24138672 23.738125 59.22496094 23.74609375 58.17773438 C23.69642694 38.69592711 17.01921212 21.49858425 3.67578125 7.1875 C-8.92565873 -4.92239444 -26.93306873 -14.02468697 -44.52734375 -14.9296875 C-45.61660156 -14.99414062 -46.70585937 -15.05859375 -47.828125 -15.125 C-67.61953918 -15.75197194 -86.0959508 -9.34969437 -101.07421875 3.72265625 C-106.71575268 9.12164016 -111.67032196 14.93223222 -116.40234375 21.1328125 C-126.10393956 33.31710015 -140.2498932 41.87741667 -155.52734375 45.0703125 C-159.99465387 45.49739361 -164.41720501 45.5354675 -168.90234375 45.5078125 C-170.04445312 45.52779297 -171.1865625 45.54777344 -172.36328125 45.56835938 C-187.40936157 45.55981047 -202.44578057 39.37616626 -213.52734375 29.0703125 C-215.82591993 26.41520535 -218.00930302 23.68583901 -220.1953125 20.9375 C-233.00146148 5.19258651 -251.03162688 -6.64703482 -271.52734375 -8.9296875 C-292.26000686 -10.56784525 -311.51508583 -5.80052133 -328.08984375 7.1328125 C-329.58423497 8.42795155 -331.06508448 9.73900182 -332.52734375 11.0703125 C-333.13578125 11.575625 -333.74421875 12.0809375 -334.37109375 12.6015625 C-343.28376889 20.5419458 -349.21115095 32.79869344 -352.52734375 44.0703125 C-353.05908203 45.58625 -353.05908203 45.58625 -353.6015625 47.1328125 C-358.83332034 65.72123554 -353.74246465 86.81702592 -344.77734375 103.27734375 C-334.78070712 120.63601391 -318.3630358 131.2092062 -299.52734375 137.0703125 C-279.95586248 142.0243437 -259.89561302 138.39281201 -242.59375 128.37109375 C-237.64051305 125.33863394 -233.49285525 122.29166345 -229.52734375 118.0703125 C-228.86734375 118.0703125 -228.20734375 118.0703125 -227.52734375 118.0703125 C-227.18703125 117.26980469 -227.18703125 117.26980469 -226.83984375 116.453125 C-223.70126411 110.75510838 -218.82462958 105.9283014 -214.52734375 101.0703125 C-213.71652344 100.14863281 -212.90570313 99.22695312 -212.0703125 98.27734375 C-202.49551359 88.03564342 -188.70095199 79.71095429 -174.42578125 78.9597168 C-159.05623767 78.57449466 -147.52292122 80.65735337 -133.52734375 87.0703125 C-143.25369354 118.59872173 -172.15752497 145.84965779 -200.52734375 161.0703125 C-206.10449219 163.9388868 -211.78295041 166.55638457 -217.52734375 169.0703125 C-218.44515625 169.48152344 -219.36296875 169.89273438 -220.30859375 170.31640625 C-223.02104623 171.41941303 -225.70809593 172.27550559 -228.52734375 173.0703125 C-229.14206543 173.24546387 -229.75678711 173.42061523 -230.39013672 173.60107422 C-245.0655867 177.56320349 -259.9564918 177.60214463 -275.04956055 177.6550293 C-288.0934983 177.74148364 -301.06675592 178.34438006 -312.77734375 184.7578125 C-313.43790771 185.10448975 -314.09847168 185.45116699 -314.77905273 185.80834961 C-320.76104636 189.02931132 -326.2826859 192.74545974 -331.52734375 197.0703125 C-332.15769531 197.58722656 -332.78804687 198.10414063 -333.4375 198.63671875 C-345.42917836 209.53576126 -353.84218832 227.3934498 -354.6484375 243.48754883 C-355.1552863 259.54886686 -355.1552863 259.54886686 -351.52734375 275.0703125 C-351.11355469 276.20597656 -350.69976562 277.34164063 -350.2734375 278.51171875 C-347.06318384 286.6204521 -342.9755986 293.2905086 -337.52734375 300.0703125 C-336.84091797 301.01970703 -336.84091797 301.01970703 -336.140625 301.98828125 C-325.61954777 315.79522043 -306.14680101 323.73097641 -289.52734375 326.0703125 C-268.90233234 327.53307927 -248.48477824 322.79333877 -232.57543945 309.03881836 C-227.77038589 304.67479005 -223.57366668 299.96695527 -219.83203125 294.65234375 C-219.40148437 294.13027344 -218.9709375 293.60820312 -218.52734375 293.0703125 C-217.86734375 293.0703125 -217.20734375 293.0703125 -216.52734375 293.0703125 C-217.99112802 297.75790737 -220.72620568 300.93020225 -224.02734375 304.4453125 C-224.56633301 305.02039551 -225.10532227 305.59547852 -225.66064453 306.18798828 C-238.84676974 319.93406691 -256.93494981 328.13942331 -275.9296875 329.2734375 C-298.59040487 329.5739111 -319.01319128 322.56612523 -335.46484375 306.6328125 C-350.99645362 290.23580501 -358.1896141 271.42950811 -357.93188477 249.01660156 C-357.2873037 227.63519362 -348.02684014 208.72284188 -332.52734375 194.0703125 C-314.570573 178.90633234 -294.9691805 173.82814573 -271.84835815 174.16763306 C-235.32157406 174.62803124 -201.04786057 163.91714427 -173.52734375 139.0703125 C-172.64433594 138.15894531 -171.76132813 137.24757812 -170.8515625 136.30859375 C-168.52734375 134.0703125 -168.52734375 134.0703125 -166.52734375 134.0703125 C-166.26695312 133.47992188 -166.0065625 132.88953125 -165.73828125 132.28125 C-164.45328834 129.93510165 -163.10358827 128.51022553 -161.15234375 126.6953125 C-158.08570938 123.71719954 -155.82076051 120.69539061 -153.52734375 117.0703125 C-152.57844178 115.79242159 -151.61929789 114.52209879 -150.65234375 113.2578125 C-144.8582537 105.55181868 -140.28961962 97.97658502 -136.52734375 89.0703125 C-151.69915448 81.52271979 -168.05081068 79.59206721 -184.48046875 84.046875 C-200.58727694 89.45711057 -212.73402283 101.27385015 -222.33984375 115.0703125 C-232.78132279 129.26507995 -250.64492447 138.16372493 -267.58984375 141.3828125 C-287.48351079 144.11950744 -308.24105295 139.93773027 -324.71875 128.23046875 C-341.28570832 115.48842709 -353.68888279 99.39500752 -357.22998047 78.38671875 C-360.01360434 56.70279159 -355.67539317 34.90181743 -342.52734375 17.0703125 C-340.33984375 14.6328125 -340.33984375 14.6328125 -337.52734375 12.0703125 C-336.84027344 11.40257813 -336.15320313 10.73484375 -335.4453125 10.046875 C-325.18570516 0.33422573 -314.05491881 -5.91368866 -300.52734375 -9.9296875 C-299.72296875 -10.17589844 -298.91859375 -10.42210937 -298.08984375 -10.67578125 C-279.7023751 -15.3045711 -258.59486475 -11.58824727 -242.44140625 -2.12109375 C-239.76988084 -0.43473716 -237.13845077 1.29225163 -234.52734375 3.0703125 C-233.53734375 3.7303125 -232.54734375 4.3903125 -231.52734375 5.0703125 C-231.52734375 5.7303125 -231.52734375 6.3903125 -231.52734375 7.0703125 C-230.93695313 7.33457031 -230.3465625 7.59882812 -229.73828125 7.87109375 C-223.80880114 11.08726053 -218.44656427 17.62934336 -214.52734375 23.0703125 C-214.52734375 23.7303125 -214.52734375 24.3903125 -214.52734375 25.0703125 C-213.86734375 25.0703125 -213.20734375 25.0703125 -212.52734375 25.0703125 C-211.8003125 25.81023437 -211.07328125 26.55015625 -210.32421875 27.3125 C-207.38963313 30.20609979 -204.34914424 32.21368714 -200.77734375 34.1953125 C-200.16189697 34.54150635 -199.5464502 34.8877002 -198.91235352 35.24438477 C-184.65113803 43.08142754 -166.56581931 44.95508059 -150.82592773 40.58544922 C-131.40397749 34.32554098 -119.34303586 21.78272814 -107.2265625 5.9765625 C-106.66582031 5.3475 -106.10507812 4.7184375 -105.52734375 4.0703125 C-104.86734375 4.0703125 -104.20734375 4.0703125 -103.52734375 4.0703125 C-103.52734375 3.4103125 -103.52734375 2.7503125 -103.52734375 2.0703125 C-102.86734375 2.0703125 -102.20734375 2.0703125 -101.52734375 2.0703125 C-101.19734375 1.0803125 -100.86734375 0.0903125 -100.52734375 -0.9296875 C-98.53320162 -2.50401024 -96.59899116 -3.88286344 -94.46484375 -5.2421875 C-93.84577148 -5.63736572 -93.22669922 -6.03254395 -92.58886719 -6.43969727 C-85.62218905 -10.71691766 -78.29969823 -13.48268156 -70.52734375 -15.9296875 C-69.68042969 -16.19652344 -68.83351563 -16.46335937 -67.9609375 -16.73828125 C-44.28579584 -22.70853437 -18.90576222 -14.43500238 0 0 Z " fill="#BEEBF0" transform="translate(398.52734375,47.9296875)"/>
<path d="M0 0 C0.66 0 1.32 0 2 0 C-1.19797575 17.60439078 -13.36635029 32.54571061 -27.59765625 42.79296875 C-48.72970612 56.89556865 -69.56996323 56.85560632 -94.24804688 55.53271484 C-129.01765151 53.70600985 -161.47823587 61.69802113 -187.9921875 85.20703125 C-209.00717013 104.40991968 -221.24596791 130.79077888 -224 159 C-224.08286152 161.64662301 -224.12732177 164.26468768 -224.11352539 166.90982056 C-224.11367425 167.66512003 -224.11382311 168.42041951 -224.11397648 169.19860685 C-224.11328651 171.71007048 -224.10546311 174.22145935 -224.09765625 176.73291016 C-224.09573461 178.54479939 -224.09427198 180.35668915 -224.0932312 182.1685791 C-224.09007271 186.07199717 -224.08380507 189.97539351 -224.07516479 193.87880325 C-224.06151215 200.12178627 -224.05571667 206.36476228 -224.05102539 212.60775757 C-224.03808307 228.1645416 -224.01388764 243.72130638 -223.98962402 259.27807617 C-223.84532346 352.57889988 -223.84532346 352.57889988 -224.31838989 385.56177902 C-224.35547866 388.15730529 -224.38997817 390.75287015 -224.42160034 393.34846878 C-224.46619522 396.83071038 -224.52354449 400.31247089 -224.5859375 403.79443359 C-224.59749374 404.76958797 -224.60904999 405.74474236 -224.62095642 406.74944687 C-224.76955628 413.63612739 -225.71776368 420.23611434 -227 427 C-227.33 427 -227.66 427 -228 427 C-227.96392745 393.07135998 -227.90687211 359.14282796 -227.82207905 325.21427588 C-227.81206283 321.19932882 -227.80221849 317.18438134 -227.79248047 313.16943359 C-227.7905391 312.37020443 -227.78859772 311.57097526 -227.78659752 310.74752703 C-227.7556634 297.84415585 -227.73862095 284.94080241 -227.72680578 272.03740117 C-227.71434952 258.77542881 -227.68674796 245.51354882 -227.64538693 232.25163484 C-227.62037886 224.08293694 -227.60687337 215.91439246 -227.60857043 207.74565575 C-227.60860042 202.12714985 -227.59378339 196.50879904 -227.56783572 190.89035371 C-227.55333612 187.65948679 -227.54707717 184.42899628 -227.55419731 181.19809532 C-227.62471662 144.25002444 -217.97836835 111.98387757 -191.5625 85.1875 C-186.10201737 79.77839742 -180.58069297 75.01780404 -174 71 C-172.89398438 70.25943359 -172.89398438 70.25943359 -171.765625 69.50390625 C-159.00670719 61.26198787 -144.76269074 56.94957375 -130 54 C-129.04609375 53.77441406 -128.0921875 53.54882812 -127.109375 53.31640625 C-114.40543125 50.62331876 -100.16750582 51.17029057 -87.32543945 52.76635742 C-74.85370538 54.01942299 -60.83548918 54.46959561 -49 50 C-47.50339844 49.45472656 -47.50339844 49.45472656 -45.9765625 48.8984375 C-25.78256072 41.0141295 -11.9363106 27.74020685 -3.24755859 8.0324707 C-2.11812577 5.37295936 -1.04405065 2.69406011 0 0 Z " fill="#C3EBF0" transform="translate(649,131)"/>
<path d="M0 0 C0.33 0.66 0.66 1.32 1 2 C-2.96236275 8.05515998 -7.29809577 13.6970319 -12 19.1875 C-12.4856543 19.75678223 -12.97130859 20.32606445 -13.47167969 20.91259766 C-19.75103447 28.16460399 -26.35067992 34.30294428 -34.125 39.9375 C-34.96683838 40.55085205 -35.80867676 41.1642041 -36.67602539 41.79614258 C-42.68501652 46.13504423 -48.73202863 50.26702438 -55.17089844 53.95019531 C-56.51025142 54.71891099 -57.84340235 55.49846027 -59.17285156 56.28417969 C-83.45801539 70.60671337 -111.08776157 79.69261722 -139.4050293 80.28955078 C-166.11280382 80.87360083 -187.97287835 84.95119507 -211 99 C-212.98 99.99 -212.98 99.99 -215 101 C-215 230.03 -215 359.06 -215 492 C-215.33 492 -215.66 492 -216 492 C-216.25171127 442.19783978 -216.44557236 392.39574376 -216.56171862 342.59307268 C-216.5754766 336.71504221 -216.58971412 330.83701298 -216.60424805 324.95898438 C-216.60857617 323.20365061 -216.60857617 323.20365061 -216.61299173 321.41285557 C-216.6608721 302.45820984 -216.74761084 283.50393063 -216.84868076 264.54950243 C-216.95150412 245.10423328 -217.01263728 225.65915625 -217.03497344 206.21362638 C-217.05007615 194.21193897 -217.09779448 182.21128748 -217.18708114 170.20991892 C-217.24517376 161.98298151 -217.26281352 153.75658055 -217.24851515 145.52945286 C-217.24146047 140.78052615 -217.25236097 136.03341082 -217.31126022 131.2848053 C-217.36480492 126.93616364 -217.36749809 122.59055004 -217.32988784 118.24176878 C-217.32524044 116.66957045 -217.33919721 115.09718306 -217.37371501 113.52535683 C-217.6160853 101.80637613 -217.6160853 101.80637613 -213.61384928 97.33288479 C-210.82348195 95.26115466 -208.08859686 93.584939 -205 92 C-203.82145676 91.34011605 -203.82145676 91.34011605 -202.61910456 90.66690111 C-200.67547238 89.59629484 -198.71120766 88.65929445 -196.6875 87.75 C-195.96240234 87.41919434 -195.23730469 87.08838867 -194.49023438 86.74755859 C-178.12231251 79.47810688 -161.77453126 78.093697 -144.125 77.5625 C-99.59487057 76.12749079 -51.44676979 57.25323222 -20.37109375 24.47265625 C-19.69240234 23.74369141 -19.69240234 23.74369141 -19 23 C-18.175 22.195625 -17.35 21.39125 -16.5 20.5625 C-10.26753963 14.17422812 -4.98868533 7.39963052 0 0 Z " fill="#F6FCFD" transform="translate(488,136)"/>
<path d="M0 0 C0.33 0 0.66 0 1 0 C1 128.7 1 257.4 1 390 C68.55800628 392.85863573 68.55800628 392.85863573 123.73828125 364.3984375 C128.76615009 359.06663877 134.01876892 353.47348607 135 346 C135.66 346 136.32 346 137 346 C137.144375 345.05125 137.28875 344.1025 137.4375 343.125 C138 340 138 340 139 338 C139.66 338 140.32 338 141 338 C141.12375 336.741875 141.2475 335.48375 141.375 334.1875 C141.69868059 330.89674737 142.06604999 329.90092502 144 327 C144.66 327.33 145.32 327.66 146 328 C146.33 325.69 146.66 323.38 147 321 C147.33 321 147.66 321 148 321 C146.83393562 340.43440636 134.63068425 356.97011726 121 370 C86.36206914 400.0577086 43.13561901 393.23244626 0 392 C0 262.64 0 133.28 0 0 Z " fill="#407297" transform="translate(273,237)"/>
<path d="M0 0 C0.33 0.99 0.66 1.98 1 3 C-18.54303048 20.28983403 -38.603133 24.2540458 -63.9045105 24.5958252 C-76.34190025 24.76839276 -87.985237 25.50286039 -100 29 C-100.75684082 29.21285645 -101.51368164 29.42571289 -102.29345703 29.64501953 C-121.68879184 35.22072209 -139.54562555 44.76225605 -155.1328125 57.58984375 C-157.0093367 59.00705136 -158.86786301 60.01921698 -161 61 C-161 61.66 -161 62.32 -161 63 C-162.36328125 64.26953125 -162.36328125 64.26953125 -164.3125 65.8125 C-173.92574275 74.01353187 -181.3135304 84.36518522 -188 95 C-188.52851563 95.83402344 -189.05703125 96.66804688 -189.6015625 97.52734375 C-190.74509682 99.34486059 -191.8745884 101.17120615 -193 103 C-193.33 102.34 -193.66 101.68 -194 101 C-191.85227493 94.5568248 -188.04795411 89.39727215 -184 84 C-183.39800781 83.19046875 -182.79601562 82.3809375 -182.17578125 81.546875 C-155.92669574 47.92329198 -120.04299701 27.24866568 -77.88964844 21.40844727 C-70.17233774 20.59806183 -62.41637257 20.60958516 -54.66259766 20.54370117 C-34.01382156 20.33570487 -14.95968302 14.95968302 0 0 Z " fill="#BFEAEE" transform="translate(400,162)"/>
<path d="M0 0 C0.66 0 1.32 0 2 0 C-1.19797575 17.60439078 -13.36635029 32.54571061 -27.59765625 42.79296875 C-48.72970612 56.89556865 -69.56996323 56.85560632 -94.24804688 55.53271484 C-124.56788557 53.93978903 -158.01938219 59.17615679 -181.625 80.0625 C-182.40875 80.701875 -183.1925 81.34125 -184 82 C-184.99 81.67 -185.98 81.34 -187 81 C-170.18651379 66.40404051 -151.67210836 58.33006984 -130 54 C-128.56914063 53.66162109 -128.56914063 53.66162109 -127.109375 53.31640625 C-114.40543125 50.62331876 -100.16750582 51.17029057 -87.32543945 52.76635742 C-74.85370538 54.01942299 -60.83548918 54.46959561 -49 50 C-47.50339844 49.45472656 -47.50339844 49.45472656 -45.9765625 48.8984375 C-25.78256072 41.0141295 -11.9363106 27.74020685 -3.24755859 8.0324707 C-2.11812577 5.37295936 -1.04405065 2.69406011 0 0 Z " fill="#A5E2E2" transform="translate(649,131)"/>
<path d="M0 0 C0.63164063 0.56332031 1.26328125 1.12664063 1.9140625 1.70703125 C16.96754805 15.86526545 23.76679184 35.45495707 25.0078125 55.68359375 C24.99107558 62.7884153 24.63155283 70.73288985 21 77 C19.90819188 73.72457565 20.14465888 73.15517799 21 70 C22.60879558 48.15588455 19.78918401 26.17252367 5.02075195 9.02319336 C2.77323783 6.57046629 0.42231751 4.28243721 -2 2 C-2.79148437 1.25105469 -3.58296875 0.50210938 -4.3984375 -0.26953125 C-11.12587133 -6.11412908 -18.80116373 -9.72773245 -27 -13 C-28.07765625 -13.43699219 -29.1553125 -13.87398437 -30.265625 -14.32421875 C-47.41738787 -20.22790525 -68.01277743 -18.59189241 -84.37109375 -11.046875 C-98.87785528 -3.94853197 -113.47944942 6.12841709 -119 22 C-119.66 22 -120.32 22 -121 22 C-121.66 23.98 -122.32 25.96 -123 28 C-124 25 -124 25 -122.734375 22.06640625 C-122.08931797 20.88929982 -121.42654342 19.72179596 -120.75 18.5625 C-120.39010986 17.94358887 -120.03021973 17.32467773 -119.65942383 16.68701172 C-109.08612734 -0.78696358 -91.81926553 -13.14662971 -72.125 -18.375 C-69.75585929 -18.94174516 -67.38141988 -19.48729431 -65 -20 C-64.27554688 -20.16371094 -63.55109375 -20.32742187 -62.8046875 -20.49609375 C-40.8165141 -24.35116311 -16.02207217 -14.68193602 0 0 Z " fill="#AFE9E8" transform="translate(630,53)"/>
<path d="M0 0 C0.33 0 0.66 0 1 0 C-0.16606438 19.43440636 -12.36931575 35.97011726 -26 49 C-60.25378904 78.72436239 -104.8141373 72.38290186 -147 71 C-147 70.67 -147 70.34 -147 70 C-146.20503113 69.99635437 -145.41006226 69.99270874 -144.59100342 69.98895264 C-137.0034432 69.95067603 -129.41635276 69.89338862 -121.82909775 69.81609726 C-117.93081015 69.77701964 -114.03273503 69.74464123 -110.13427734 69.72900391 C-76.84322952 69.58575028 -47.07442656 66.33272924 -22 42 C-17.08852029 36.78487394 -13.24465699 32.1567777 -12 25 C-11.34 25 -10.68 25 -10 25 C-9.855625 24.05125 -9.71125 23.1025 -9.5625 22.125 C-9 19 -9 19 -8 17 C-7.34 17 -6.68 17 -6 17 C-5.814375 15.1128125 -5.814375 15.1128125 -5.625 13.1875 C-5.30131941 9.89674737 -4.93395001 8.90092502 -3 6 C-2.01 6.495 -2.01 6.495 -1 7 C-0.67 4.69 -0.34 2.38 0 0 Z " fill="#C5E6EF" transform="translate(420,558)"/>
<path d="M0 0 C-4.74547983 15.38269067 -15.0380214 29.44063837 -26 41 C-26 37.52474027 -25.4647013 36.95409678 -23.375 34.3125 C-22.82585937 33.60609375 -22.27671875 32.8996875 -21.7109375 32.171875 C-21.14632812 31.45515625 -20.58171875 30.7384375 -20 30 C-13.14845414 21.07542232 -7.39760001 12.41024782 -3 2 C-18.17181073 -5.54759271 -34.52346693 -7.47824529 -50.953125 -3.0234375 C-60.89570871 0.31625088 -68.00938593 5.27707221 -75.40625 12.51171875 C-77.52455598 14.54388879 -79.60696781 16.31246079 -82 18 C-81.14074468 11.85843741 -75.60260823 7.70550163 -71 4 C-48.51851054 -11.64291619 -24.17990022 -11.07955082 0 0 Z " fill="#BEF1F4" transform="translate(265,135)"/>
<path d="M0 0 C0 0.33 0 0.66 0 1 C-3.91105406 1.16296059 -6.7529768 1.06825641 -10.5625 0.015625 C-29.83893593 -4.98609347 -50.24729516 -0.094271 -67.078125 9.578125 C-78.25276823 16.31308355 -88.6146501 25.39211904 -93 38 C-93.66 38 -94.32 38 -95 38 C-95.66 39.98 -96.32 41.96 -97 44 C-98 41 -98 41 -96.734375 38.06640625 C-96.08931797 36.88929982 -95.42654342 35.72179596 -94.75 34.5625 C-94.39010986 33.94358887 -94.03021973 33.32467773 -93.65942383 32.68701172 C-83.08612734 15.21303642 -65.81926553 2.85337029 -46.125 -2.375 C-43.75585929 -2.94174516 -41.38141988 -3.48729431 -39 -4 C-38.27554688 -4.16371094 -37.55109375 -4.32742187 -36.8046875 -4.49609375 C-24.45824871 -6.66072912 -11.80867325 -3.33622175 0 0 Z " fill="#B1EFEE" transform="translate(604,37)"/>
<path d="M0 0 C1.33897583 0.95043374 2.67105427 1.91059147 4 2.875 C5.11375 3.67550781 5.11375 3.67550781 6.25 4.4921875 C6.8275 4.98976563 7.405 5.48734375 8 6 C8 6.66 8 7.32 8 8 C8.66 8 9.32 8 10 8 C24.3045241 26.36947879 30.74492145 46.74449614 29 70 C26.79026998 86.95839314 19.78527218 102.52147652 8 115 C7.34 115 6.68 115 6 115 C5.505 115.99 5.505 115.99 5 117 C5.56522081 113.04345434 7.50087269 111.0515691 10.125 108.125 C24.46215139 90.96144675 27.6456278 71.64955204 26 50 C23.30915725 29.84114468 13.35262289 14.90410343 -1 1 C-0.67 0.67 -0.34 0.34 0 0 Z " fill="#CAEDEE" transform="translate(396,47)"/>
<path d="M0 0 C-2.85226624 2.36371686 -5.8288031 3.93943403 -9.17871094 5.49902344 C-16.31419735 8.83261724 -22.82841023 12.6884473 -29.25 17.25 C-29.96438232 17.75716553 -30.67876465 18.26433105 -31.41479492 18.78686523 C-34.26436243 20.85415837 -36.86487326 22.86487326 -39.359375 25.359375 C-39.90078125 25.90078125 -40.4421875 26.4421875 -41 27 C-41.66 27 -42.32 27 -43 27 C-43 27.66 -43 28.32 -43 29 C-44.36328125 30.26953125 -44.36328125 30.26953125 -46.3125 31.8125 C-55.92574275 40.01353187 -63.3135304 50.36518522 -70 61 C-70.52851563 61.83402344 -71.05703125 62.66804688 -71.6015625 63.52734375 C-72.74509682 65.34486059 -73.8745884 67.17120615 -75 69 C-75.33 68.34 -75.66 67.68 -76 67 C-73.85227493 60.5568248 -70.04795411 55.39727215 -66 50 C-65.09701172 48.78570312 -65.09701172 48.78570312 -64.17578125 47.546875 C-49.97038296 29.35056913 -32.99539589 14.74936365 -12.75 3.75 C-11.69510376 3.17463501 -11.69510376 3.17463501 -10.61889648 2.58764648 C-6.95508984 0.69008753 -4.15270323 -0.48287247 0 0 Z " fill="#BCECF1" transform="translate(282,196)"/>
<path d="M0 0 C0.495 0.99 0.495 0.99 1 2 C-2.96236275 8.05515998 -7.29809577 13.6970319 -12 19.1875 C-12.4856543 19.75678223 -12.97130859 20.32606445 -13.47167969 20.91259766 C-19.75103447 28.16460399 -26.35067992 34.30294428 -34.125 39.9375 C-34.96683838 40.55085205 -35.80867676 41.1642041 -36.67602539 41.79614258 C-43.26314827 46.5524948 -49.93331474 50.98204334 -57 55 C-57.81275391 55.46631836 -58.62550781 55.93263672 -59.46289062 56.41308594 C-62.19747522 57.97556488 -64.94052078 59.52192659 -67.6875 61.0625 C-68.57429443 61.56483154 -69.46108887 62.06716309 -70.37475586 62.5847168 C-71.20370361 63.04273682 -72.03265137 63.50075684 -72.88671875 63.97265625 C-74.00373169 64.59539429 -74.00373169 64.59539429 -75.14331055 65.23071289 C-75.75601807 65.48457764 -76.36872559 65.73844238 -77 66 C-77.66 65.67 -78.32 65.34 -79 65 C-76.58049584 61.37074375 -73.94295466 60.33400522 -70.125 58.5625 C-54.31383284 50.89444657 -39.8877781 41.8662685 -26.58740234 30.36572266 C-25.26126191 29.22477685 -23.90897998 28.11430751 -22.55078125 27.01171875 C-13.46305869 19.53086265 -6.76463606 9.52947369 0 0 Z " fill="#BCEDEF" transform="translate(488,136)"/>
<path d="M0 0 C0.66 0 1.32 0 2 0 C1.33293367 4.30339132 -0.16202681 7.94482368 -1.875 11.9375 C-5.48243589 20.7042216 -7.4047253 29.47215612 -8.66796875 38.8671875 C-10.52730477 52.6369584 -13.69864543 63.97606716 -21 76 C-22 74 -22 74 -21.2578125 71.65234375 C-20.88398438 70.75644531 -20.51015625 69.86054688 -20.125 68.9375 C-19.75632813 68.03902344 -19.38765625 67.14054687 -19.0078125 66.21484375 C-18 64 -18 64 -17 63 C-17.495 61.515 -17.495 61.515 -18 60 C-17.44140625 57.95703125 -17.44140625 57.95703125 -16.5625 55.8125 C-16.13130859 54.73935547 -16.13130859 54.73935547 -15.69140625 53.64453125 C-15.34916016 52.83048828 -15.34916016 52.83048828 -15 52 C-14.34 52 -13.68 52 -13 52 C-13 50.68 -13 49.36 -13 48 C-12.34 48 -11.68 48 -11 48 C-11.020625 46.824375 -11.04125 45.64875 -11.0625 44.4375 C-11.06712435 41.78312081 -10.91390897 39.4511697 -10.5 36.8125 C-9.76563121 31.212938 -9.92367838 25.63931999 -10 20 C-9.67 20 -9.34 20 -9 20 C-8.9175 19.030625 -8.835 18.06125 -8.75 17.0625 C-8.1000875 12.32880899 -6.07694677 8.26015593 -4 4 C-3.34 4.66 -2.68 5.32 -2 6 C-1.34 4.02 -0.68 2.04 0 0 Z " fill="#AFCAD8" transform="translate(204,265)"/>
<path d="M0 0 C1.11181641 0.00322266 2.22363281 0.00644531 3.36914062 0.00976562 C4.51962891 0.01814453 5.67011719 0.02652344 6.85546875 0.03515625 C8.02529297 0.03966797 9.19511719 0.04417969 10.40039062 0.04882812 C13.28130233 0.06058695 16.16210919 0.07702199 19.04296875 0.09765625 C19.04296875 0.42765625 19.04296875 0.75765625 19.04296875 1.09765625 C18.41543701 1.13729492 17.78790527 1.17693359 17.14135742 1.21777344 C-11.41471889 3.10087748 -40.94157403 7.87796769 -63.00390625 27.7265625 C-63.97070312 28.40525391 -63.97070312 28.40525391 -64.95703125 29.09765625 C-65.94703125 28.76765625 -66.93703125 28.43765625 -67.95703125 28.09765625 C-51.12978204 13.48974896 -32.63966832 5.46234293 -10.95703125 1.09765625 C-9.79216187 0.83069946 -9.79216187 0.83069946 -8.60375977 0.55834961 C-5.68383645 0.05010357 -2.96323389 -0.01519607 0 0 Z " fill="#B5EAEB" transform="translate(529.95703125,183.90234375)"/>
<path d="M0 0 C0.99 0.495 0.99 0.495 2 1 C-10.02344797 15.99502256 -23.54475512 27.9638505 -43 32 C-47.05428076 32.32266714 -51.06149384 32.28831218 -55.125 32.1875 C-56.176875 32.17396484 -57.22875 32.16042969 -58.3125 32.14648438 C-60.87555954 32.11153356 -63.43748913 32.06247682 -66 32 C-66 31.34 -66 30.68 -66 30 C-65.44763672 29.99589111 -64.89527344 29.99178223 -64.32617188 29.98754883 C-42.18309266 29.7008996 -24.08104252 25.2135058 -8 9 C-5.25998031 6.05949106 -2.59643227 3.06785154 0 0 Z " fill="#CEF0F4" transform="translate(286,61)"/>
<path d="M0 0 C0.495 1.485 0.495 1.485 1 3 C-4.45492743 7.82600638 -10.10218097 11.86345325 -16.5 15.3125 C-17.09176025 15.63734375 -17.68352051 15.9621875 -18.29321289 16.296875 C-20.1681201 17.27716547 -22.06081723 18.15413561 -24 19 C-24.97525635 19.44025513 -24.97525635 19.44025513 -25.97021484 19.8894043 C-35.06127974 23.30181838 -45.07729685 22.32078225 -54.625 22.1875 C-56.50649973 22.17242856 -58.3880111 22.1587445 -60.26953125 22.14648438 C-64.8466453 22.11366753 -69.42319231 22.06202067 -74 22 C-74 21.67 -74 21.34 -74 21 C-73.03288086 20.98541748 -72.06576172 20.97083496 -71.06933594 20.95581055 C-67.42348303 20.89710148 -63.77820188 20.8198859 -60.1328125 20.73754883 C-58.56585078 20.70463621 -56.99878007 20.67650384 -55.43164062 20.65356445 C-34.52097003 20.33936959 -15.21242703 15.21242703 0 0 Z " fill="#97D0D7" transform="translate(400,162)"/>
<path d="M0 0 C-2.98191013 2.98191013 -6.47235782 2.74814686 -10.5 3.125 C-11.38872803 3.20919189 -12.27745605 3.29338379 -13.19311523 3.38012695 C-36.33054444 5.3472768 -59.82198314 3.75980247 -83 3 C-83 2.67 -83 2.34 -83 2 C-81.78089935 1.98786972 -81.78089935 1.98786972 -80.53717041 1.97549438 C-72.8295153 1.89713585 -65.12203838 1.80972559 -57.41460037 1.71247292 C-53.45335553 1.66280035 -49.49213368 1.61647114 -45.53076172 1.578125 C-41.69861914 1.54090107 -37.86668386 1.49444792 -34.03472137 1.44193649 C-32.58214756 1.4235874 -31.12952966 1.4084099 -29.67688751 1.39665604 C-21.78676745 1.3306065 -14.20865509 0.94715682 -6.45916748 -0.67471313 C-3.9593078 -1.00538257 -2.3719029 -0.79050436 0 0 Z " fill="#A3DDE7" transform="translate(356,626)"/>
<path d="M0 0 C0.66 0 1.32 0 2 0 C0.53621573 4.68759487 -2.19886193 7.85988975 -5.5 11.375 C-6.03898926 11.95008301 -6.57797852 12.52516602 -7.13330078 13.11767578 C-15.08928403 21.41151263 -29.45884247 32.62436388 -41.48046875 33.09765625 C-42.37378906 33.08605469 -43.26710937 33.07445312 -44.1875 33.0625 C-45.08855469 33.05347656 -45.98960937 33.04445313 -46.91796875 33.03515625 C-47.60503906 33.02355469 -48.29210937 33.01195312 -49 33 C-49 32.67 -49 32.34 -49 32 C-47.63681641 31.70609375 -47.63681641 31.70609375 -46.24609375 31.40625 C-27.33118939 26.90547276 -12.60911863 17.63882273 -1.3046875 1.58203125 C-0.87414062 1.05996094 -0.44359375 0.53789062 0 0 Z " fill="#A9DBE1" transform="translate(180,341)"/>
<path d="M0 0 C0.66 0 1.32 0 2 0 C1.98428955 0.72477539 1.9685791 1.44955078 1.95239258 2.19628906 C1.88921857 5.54744349 1.85075114 8.89847197 1.8125 12.25 C1.78736328 13.38953125 1.76222656 14.5290625 1.73632812 15.703125 C1.64552458 26.35740764 3.68634999 35.72055402 8 45.4375 C8.495 46.57058594 8.99 47.70367187 9.5 48.87109375 C10.85599834 51.69962155 12.33293414 54.34559454 14 57 C12.21875 56.87890625 12.21875 56.87890625 10 56 C-0.52630651 40.64913634 -2.44327986 22.0997248 -1 4 C-0.69851344 2.65910674 -0.37509907 1.3221912 0 0 Z " fill="#B0DFED" transform="translate(42,285)"/>
<path d="M0 0 C0.99 0.33 1.98 0.66 3 1 C2.32517578 1.53173828 2.32517578 1.53173828 1.63671875 2.07421875 C-16.43184724 17.02876334 -28.13194416 38.30421884 -33.359375 61.0234375 C-33.67648437 62.00183594 -33.67648437 62.00183594 -34 63 C-34.99 63.495 -34.99 63.495 -36 64 C-35.46911265 58.54030618 -34.48229354 53.69715899 -32.5 48.5625 C-32.23936768 47.88219727 -31.97873535 47.20189453 -31.71020508 46.50097656 C-24.48537401 28.26499477 -14.2004979 13.48383726 0 0 Z " fill="#D5F4F4" transform="translate(461,213)"/>
<path d="M0 0 C0.33 0 0.66 0 1 0 C1.02578125 1.19753906 1.0515625 2.39507812 1.078125 3.62890625 C1.68259939 23.33639956 6.13160224 43.87502213 21 58 C20.34 58.66 19.68 59.32 19 60 C6.57258808 46.19176453 -1.67190861 29.96148307 -0.90820312 11.11010742 C-0.68311155 7.39644383 -0.370209 3.70208995 0 0 Z " fill="#B0E0E9" transform="translate(42,105)"/>
<path d="M0 0 C0.33 0 0.66 0 1 0 C1.71337295 23.30351644 -3.18246564 42.18872139 -17.875 60.75 C-18.926875 61.86375 -18.926875 61.86375 -20 63 C-20.66 63 -21.32 63 -22 63 C-22.495 63.99 -22.495 63.99 -23 65 C-22.43477919 61.04345434 -20.49912731 59.0515691 -17.875 56.125 C-6.31768756 42.28929846 -1.41653693 25.37606306 -0.4375 7.625 C-0.39431641 6.88894531 -0.35113281 6.15289062 -0.30664062 5.39453125 C-0.20156201 3.59651932 -0.10037907 1.79828042 0 0 Z " fill="#DEF9FA" transform="translate(424,99)"/>
<path d="M0 0 C0 0.33 0 0.66 0 1 C-0.825 1.14695313 -1.65 1.29390625 -2.5 1.4453125 C-18.90889261 4.63186084 -33.08861528 10.72574352 -47 20 C-47 19.01 -47 18.02 -47 17 C-35.66616974 8.07266794 -14.6283018 -3.57580711 0 0 Z " fill="#BCE8ED" transform="translate(321,217)"/>
<path d="M0 0 C1.30147806 3.90443418 0.26285555 6.65663321 -0.75 10.5 C-2.58606662 17.78251003 -3.89745322 25.04379083 -4.87207031 32.49023438 C-5.57143383 37.45635699 -6.83132028 41.47040303 -9 46 C-9.66 46 -10.32 46 -11 46 C-11.4021875 47.3921875 -11.4021875 47.3921875 -11.8125 48.8125 C-12.91148371 51.76240366 -13.62418561 53.05615186 -16 55 C-14.65561283 50.70953951 -12.97550681 46.75203101 -11.0625 42.6875 C-8.08011297 36.0286888 -6.81868869 29.52216354 -5.71875 22.34765625 C-5.0183616 17.85315804 -3.99398232 13.46930684 -2.875 9.0625 C-2.61855713 8.0418042 -2.61855713 8.0418042 -2.35693359 7.00048828 C-1.72709738 4.55335795 -1.13348158 2.26696317 0 0 Z " fill="#C2E6E5" transform="translate(505,81)"/>
<path d="M0 0 C-0.99 0 -1.98 0 -3 0 C-3 0.66 -3 1.32 -3 2 C-3.81082031 2.268125 -4.62164062 2.53625 -5.45703125 2.8125 C-18.06923839 7.27595864 -26.91815617 14.31269991 -36 24 C-36.33 23.01 -36.66 22.02 -37 21 C-29.25983851 12.40684113 -12.79194315 -3.99399098 0 0 Z " fill="#C2E9EE" transform="translate(220,129)"/>
<path d="M0 0 C15.64104368 -1.41051496 27.52869857 6.68579905 40 15 C39.67 15.99 39.34 16.98 39 18 C38.11699219 17.40832031 37.23398438 16.81664063 36.32421875 16.20703125 C24.57024135 8.42265665 14.03665793 3.52045099 0 1 C0 0.67 0 0.34 0 0 Z " fill="#BAE8ED" transform="translate(127,38)"/>
<path d="M0 0 C0.66 0.66 1.32 1.32 2 2 C-6.13711272 10.49669053 -14.41414232 18.1656385 -24 25 C-24.80953125 25.58136719 -25.6190625 26.16273438 -26.453125 26.76171875 C-31.39920295 30.10490107 -31.39920295 30.10490107 -34.21484375 29.61328125 C-34.80394531 29.41089844 -35.39304688 29.20851562 -36 29 C-35.10539063 28.443125 -34.21078125 27.88625 -33.2890625 27.3125 C-24.66281846 21.88953731 -16.13250388 16.35991705 -9 9 C-8.34 8.34 -7.68 7.68 -7 7 C-6.34 7 -5.68 7 -5 7 C-4.731875 6.401875 -4.46375 5.80375 -4.1875 5.1875 C-3.01506533 3.02775192 -1.80630718 1.64209744 0 0 Z " fill="#B7EAF2" transform="translate(237,175)"/>
<path d="M0 0 C0.33 0 0.66 0 1 0 C0.34962331 10.83961151 -3.16312795 21.34538078 -11 29 C-11.33 27.68 -11.66 26.36 -12 25 C-11.34 25 -10.68 25 -10 25 C-9.7834375 23.576875 -9.7834375 23.576875 -9.5625 22.125 C-9 19 -9 19 -8 17 C-7.34 17 -6.68 17 -6 17 C-5.814375 15.1128125 -5.814375 15.1128125 -5.625 13.1875 C-5.30131941 9.89674737 -4.93395001 8.90092502 -3 6 C-2.34 6.33 -1.68 6.66 -1 7 C-0.67 4.69 -0.34 2.38 0 0 Z " fill="#7EA7C1" transform="translate(420,558)"/>
<path d="M0 0 C0.33 0 0.66 0 1 0 C1.02917234 3.87498404 1.04685673 7.74993958 1.0625 11.625 C1.07087891 12.71941406 1.07925781 13.81382813 1.08789062 14.94140625 C1.09111328 16.00488281 1.09433594 17.06835938 1.09765625 18.1640625 C1.10289307 19.13811035 1.10812988 20.1121582 1.11352539 21.11572266 C1 24 1 24 0.43139648 27.23974609 C-0.26578148 29.95173876 -0.26578148 29.95173876 1 32 C0.01 32 -0.98 32 -2 32 C-2.14695312 32.59425781 -2.29390625 33.18851563 -2.4453125 33.80078125 C-4.59930097 41.76063521 -7.73308603 50.34858651 -14 56 C-13.38616808 53.20635188 -12.53886903 50.85645428 -11.22265625 48.3203125 C-10.69961914 47.29744141 -10.69961914 47.29744141 -10.16601562 46.25390625 C-9.43435778 44.84238934 -8.70258819 43.43093035 -7.97070312 42.01953125 C-1.105717 28.5929838 -0.58256654 14.79412405 0 0 Z " fill="#379491" transform="translate(651,99)"/>
<path d="M0 0 C5.56919248 -0.37793496 9.38237737 0.64334049 14.1875 3.3125 C14.82953369 3.65990234 15.47156738 4.00730469 16.13305664 4.36523438 C22.98097287 8.25657652 28.49581841 13.4240693 34 19 C33.505 20.485 33.505 20.485 33 22 C32.55011719 21.50371094 32.10023438 21.00742187 31.63671875 20.49609375 C24.05096393 12.48468535 15.4168757 7.34614038 5.3125 3.04296875 C3 2 3 2 0 0 Z " fill="#A0E1E0" transform="translate(600,38)"/>
<path d="M0 0 C15.8891206 -1.32205318 29.3864912 4.5558214 42 14 C42 14.66 42 15.32 42 16 C38.4369184 14.69083744 35.1926689 13.04260788 31.88720703 11.18188477 C21.74158925 5.50007631 11.69335075 1.79276954 0 1 C0 0.67 0 0.34 0 0 Z " fill="#AEEAE7" transform="translate(354,32)"/>
<path d="M0 0 C0.66 0.66 1.32 1.32 2 2 C-1.48549065 1.34803772 -4.85335771 0.51695877 -8.25 -0.5 C-9.12140625 -0.7578125 -9.9928125 -1.015625 -10.890625 -1.28125 C-13 -2 -13 -2 -14 -3 C-27.04368188 -5.62840936 -27.04368188 -5.62840936 -40 -4 C-41.89470816 -3.9314505 -43.7916834 -3.91519628 -45.6875 -3.9375 C-46.68136719 -3.94652344 -47.67523438 -3.95554688 -48.69921875 -3.96484375 C-49.83810547 -3.98224609 -49.83810547 -3.98224609 -51 -4 C-51 -4.33 -51 -4.66 -51 -5 C-34.00406594 -9.47892851 -15.82602616 -7.47007589 0 0 Z " fill="#339091" transform="translate(380,39)"/>
<path d="M0 0 C0 0.66 0 1.32 0 2 C-0.95261719 2.44730469 -1.90523437 2.89460938 -2.88671875 3.35546875 C-4.15390985 3.9655978 -5.42082228 4.57630585 -6.6875 5.1875 C-7.31333984 5.47947266 -7.93917969 5.77144531 -8.58398438 6.07226562 C-12.84418082 8.14660211 -15.7677895 10.45741167 -19 14 C-20.68493476 15.73166639 -22.37242272 17.46085227 -24.0625 19.1875 C-24.89910156 20.04730469 -25.73570312 20.90710938 -26.59765625 21.79296875 C-28.70955248 23.7331661 -30.3757292 24.91513978 -33 26 C-28.72763805 15.90168993 -11.74574721 0 0 0 Z " fill="#399795" transform="translate(548,41)"/>
<path d="M0 0 C0.33 0.66 0.66 1.32 1 2 C-17.69155206 30.56385069 -17.69155206 30.56385069 -28 34 C-26.63757574 30.93286756 -25.10300295 28.88159707 -22.6875 26.5625 C-22.06230469 25.9540625 -21.43710937 25.345625 -20.79296875 24.71875 C-19.90544922 23.86796875 -19.90544922 23.86796875 -19 23 C-11.7425004 15.92393789 -5.66423745 8.40166528 0 0 Z " fill="#C2F1F2" transform="translate(488,136)"/>
<path d="M0 0 C0.66 0.33 1.32 0.66 2 1 C1.33613281 1.59167969 0.67226563 2.18335938 -0.01171875 2.79296875 C-12.66917827 13.77309115 -12.66917827 13.77309115 -21 28 C-21.66 28 -22.32 28 -23 28 C-23.66 29.98 -24.32 31.96 -25 34 C-26 31 -26 31 -24.734375 28.06640625 C-24.08901165 26.88946773 -23.4262802 25.72194953 -22.75 24.5625 C-22.39301025 23.94576416 -22.03602051 23.32902832 -21.66821289 22.69360352 C-16.22008499 13.66048008 -8.99273247 5.59547798 0 0 Z " fill="#CAF1F0" transform="translate(532,47)"/>
<path d="M0 0 C1 3 1 3 -0.1171875 5.6796875 C-6.57362115 17.4160491 -13.73833246 28.23360943 -23 38 C-23 34.52474027 -22.4647013 33.95409678 -20.375 31.3125 C-19.82585937 30.60609375 -19.27671875 29.8996875 -18.7109375 29.171875 C-18.14632812 28.45515625 -17.58171875 27.7384375 -17 27 C-10.40136512 18.40485508 -4.63505995 9.823866 0 0 Z " fill="#DCF6F8" transform="translate(262,138)"/>
<path d="M0 0 C0.77214844 0.11085937 1.54429688 0.22171875 2.33984375 0.3359375 C3.19255859 0.47902344 3.19255859 0.47902344 4.0625 0.625 C4.0625 0.955 4.0625 1.285 4.0625 1.625 C3.1653125 1.74875 2.268125 1.8725 1.34375 2 C-8.00466371 3.54519235 -15.45033809 6.47703455 -23.76953125 10.98046875 C-26.9375 12.625 -26.9375 12.625 -28.9375 12.625 C-27.9375 9.625 -27.9375 9.625 -24.5859375 7.65234375 C-23.16658967 6.94533278 -21.74181736 6.24913285 -20.3125 5.5625 C-19.26255859 5.0355957 -19.26255859 5.0355957 -18.19140625 4.49804688 C-12.34053384 1.62688593 -6.64663899 -1.02255985 0 0 Z " fill="#BFE1EC" transform="translate(104.9375,224.375)"/>
<path d="M0 0 C5.0424236 7.5636354 2.95608019 18.47137861 1.66796875 27.00390625 C1.07488818 29.66409803 0.35771111 31.6569458 -1 34 C-2.10257727 30.69226819 -1.82554965 30.19224392 -1 27 C-0.93040435 24.98677192 -0.91549403 22.9713417 -0.9375 20.95703125 C-0.94523438 19.80138672 -0.95296875 18.64574219 -0.9609375 17.45507812 C-0.97382812 16.25302734 -0.98671875 15.05097656 -1 13.8125 C-1.02537737 11.42322103 -1.04645505 9.03389112 -1.0625 6.64453125 C-1.07990234 5.05668823 -1.07990234 5.05668823 -1.09765625 3.43676758 C-1 1 -1 1 0 0 Z " fill="#B7DFDF" transform="translate(652,96)"/>
<path d="M0 0 C0.66 0 1.32 0 2 0 C1.34580901 5.06998019 -0.8546409 9.41990777 -3 14 C-3.66 14 -4.32 14 -5 14 C-6.485 20.435 -6.485 20.435 -8 27 C-8.33 27 -8.66 27 -9 27 C-9.33 24.69 -9.66 22.38 -10 20 C-9.67 20 -9.34 20 -9 20 C-8.9175 19.030625 -8.835 18.06125 -8.75 17.0625 C-8.1000875 12.32880899 -6.07694677 8.26015593 -4 4 C-3.34 4.66 -2.68 5.32 -2 6 C-1.34 4.02 -0.68 2.04 0 0 Z " fill="#74A1B8" transform="translate(204,265)"/>
<path d="M0 0 C3.79349357 0.60723188 6.81115089 1.74321323 10.25 3.4375 C13.88152847 5.15484883 17.17658344 6.38703716 21.125 7.125 C22.40375 7.41375 23.6825 7.7025 25 8 C25.33 8.99 25.66 9.98 26 11 C16.57382223 10.45618205 8.25778465 6.35827523 0 2 C0 1.34 0 0.68 0 0 Z " fill="#BCE5E9" transform="translate(194,82)"/>
<path d="M0 0 C0.66 0.33 1.32 0.66 2 1 C1.51391769 1.55407532 1.02783539 2.10815063 0.52702332 2.67901611 C-1.27411079 5.41663197 -1.39216472 6.88690949 -1.43237305 10.13574219 C-1.45216721 11.15649841 -1.47196136 12.17725464 -1.49235535 13.22894287 C-1.49874527 14.32386047 -1.50513519 15.41877808 -1.51171875 16.546875 C-1.52966995 17.6732135 -1.54762115 18.799552 -1.56611633 19.96002197 C-1.62028795 23.55664326 -1.65413788 27.15313131 -1.6875 30.75 C-1.72066693 33.18882065 -1.75515599 35.62762371 -1.79101562 38.06640625 C-1.87601845 44.04415136 -1.94433945 50.02191357 -2 56 C-2.33 56 -2.66 56 -3 56 C-3.07593983 48.5069832 -3.12855332 41.01406529 -3.16479492 33.52075195 C-3.17990005 30.97058402 -3.20038533 28.42044214 -3.22631836 25.87036133 C-3.26262504 22.20908181 -3.27970915 18.54814515 -3.29296875 14.88671875 C-3.30845261 13.7428923 -3.32393646 12.59906586 -3.33988953 11.420578 C-3.34011612 10.35970474 -3.34034271 9.29883148 -3.34057617 8.20581055 C-3.34723801 7.27093307 -3.35389984 6.3360556 -3.36076355 5.37284851 C-2.93775161 2.59057391 -2.16798187 1.72216628 0 0 Z " fill="#146787" transform="translate(277,234)"/>
<path d="M0 0 C-2.7304711 1.82031406 -5.37911077 3.05224195 -8.39550781 4.30981445 C-15.27474819 7.17882479 -21.57387003 10.31798323 -27.765625 14.51953125 C-29.79191216 15.86212361 -31.80319444 16.9670983 -34 18 C-32.52534568 13.5956991 -29.24467893 12.07503793 -25.375 10 C-24.42765991 9.47672119 -24.42765991 9.47672119 -23.46118164 8.94287109 C-6.49441023 -0.37110916 -6.49441023 -0.37110916 0 0 Z " fill="#2C878D" transform="translate(502,189)"/>
<path d="M0 0 C1.45880109 0.14107747 2.91703551 0.28802415 4.375 0.4375 C5.59316406 0.55931641 5.59316406 0.55931641 6.8359375 0.68359375 C9 1 9 1 11 2 C12.73732806 2.22074841 14.48118407 2.39130638 16.2265625 2.53515625 C17.2578125 2.62216797 18.2890625 2.70917969 19.3515625 2.79882812 C20.43179688 2.88583984 21.51203125 2.97285156 22.625 3.0625 C24.25695312 3.19881836 24.25695312 3.19881836 25.921875 3.33789062 C28.61430157 3.56225951 31.30698709 3.78280114 34 4 C34 4.66 34 5.32 34 6 C22.00202285 6.49231821 11.38728267 4.94439008 0 1 C0 0.67 0 0.34 0 0 Z " fill="#317191" transform="translate(90,182)"/>
<path d="M0 0 C0.66 0 1.32 0 2 0 C0.5012586 4.91918188 -2.34948908 7.9236167 -5.8125 11.5625 C-6.59463867 12.40844727 -6.59463867 12.40844727 -7.39257812 13.27148438 C-10.39185091 16.47295532 -13.41515523 19.4411841 -17 22 C-17.66 22 -18.32 22 -19 22 C-17.59896549 18.71900591 -16.00653684 16.92585065 -13.25 14.6875 C-8.61593952 10.76831274 -4.78587303 6.487466 -1.25 1.5625 C-0.8375 1.046875 -0.425 0.53125 0 0 Z " fill="#C0E3ED" transform="translate(180,341)"/>
<path d="M0 0 C0.33 0.99 0.66 1.98 1 3 C-4.69497055 9.90250013 -10.96186034 15.49783701 -18 21 C-19.66778822 22.33193018 -21.33479793 23.66483798 -23 25 C-23.66 24.67 -24.32 24.34 -25 24 C-24.20078125 23.35675781 -23.4015625 22.71351563 -22.578125 22.05078125 C-14.31834191 15.29231659 -7.05683157 7.99774244 0 0 Z " fill="#3A9195" transform="translate(479,151)"/>
<path d="M0 0 C0.33 0 0.66 0 1 0 C2.0048296 6.68814582 2.18331827 13.24232128 2.1875 20 C2.19974609 21.0415625 2.21199219 22.083125 2.22460938 23.15625 C2.23593374 29.13551629 1.74125382 34.27382143 0 40 C-0.33 40 -0.66 40 -1 40 C-1.02688151 38.35425434 -1.04634123 36.70838587 -1.0625 35.0625 C-1.07410156 34.14597656 -1.08570313 33.22945312 -1.09765625 32.28515625 C-1 30 -1 30 0 29 C0.08775605 26.85441173 0.10695219 24.70595579 0.09765625 22.55859375 C0.09443359 21.25341797 0.09121094 19.94824219 0.08789062 18.60351562 C0.07953401 17.2148431 0.07106905 15.82617123 0.0625 14.4375 C0.05748666 13.04492344 0.05292347 11.65234519 0.04882812 10.25976562 C0.03699434 6.8398013 0.0205088 3.41992156 0 0 Z " fill="#3B9395" transform="translate(421,89)"/>
<path d="M0 0 C1.33897583 0.95043374 2.67105427 1.91059147 4 2.875 C5.11375 3.67550781 5.11375 3.67550781 6.25 4.4921875 C6.8275 4.98976563 7.405 5.48734375 8 6 C8 6.66 8 7.32 8 8 C8.66 8 9.32 8 10 8 C11.80068015 10.42649031 13.47836549 12.84739297 15.125 15.375 C15.59292969 16.07367188 16.06085938 16.77234375 16.54296875 17.4921875 C20 22.73316782 20 22.73316782 20 25 C19.34 25 18.68 25 18 25 C16.7734375 23.12890625 16.7734375 23.12890625 15.375 20.5625 C11.03039484 13.0630104 5.19465961 7.0010765 -1 1 C-0.67 0.67 -0.34 0.34 0 0 Z " fill="#C1F5F4" transform="translate(396,47)"/>
<path d="M0 0 C0.33 0.99 0.66 1.98 1 3 C-5.83552728 8.9584021 -12.74595048 13.25589507 -21 17 C-21.66 16.34 -22.32 15.68 -23 15 C-21.87464844 14.48953125 -21.87464844 14.48953125 -20.7265625 13.96875 C-13.00835323 10.31377936 -6.07713647 6.07713647 0 0 Z " fill="#ABEAEE" transform="translate(400,162)"/>
<path d="M0 0 C0.33 0 0.66 0 1 0 C1.09765625 6.15234375 1.09765625 6.15234375 1 8 C0.67 8.33 0.34 8.66 0 9 C-0.23363881 10.84891946 -0.41303635 12.70488031 -0.5625 14.5625 C-0.64628906 15.57441406 -0.73007812 16.58632812 -0.81640625 17.62890625 C-0.87699219 18.41136719 -0.93757813 19.19382812 -1 20 C-1.66 20 -2.32 20 -3 20 C-3 22.97 -3 25.94 -3 29 C-3.66 29.33 -4.32 29.66 -5 30 C-4.45562684 19.91971071 -3.2056535 9.61696051 0 0 Z " fill="#3C9997" transform="translate(504,90)"/>
<path d="M0 0 C0.33 0 0.66 0 1 0 C1.35858439 3.85478218 1.2754818 5.57759458 -0.875 8.875 C-1.57625 9.57625 -2.2775 10.2775 -3 11 C-3.66 11 -4.32 11 -5 11 C-5.061875 11.556875 -5.12375 12.11375 -5.1875 12.6875 C-6.33373872 15.94987173 -8.49390197 17.68667874 -11 20 C-11 16.26070196 -9.94719289 15.22267273 -7.75 12.25 C-4.87663447 8.27508054 -2.34047463 4.30647331 0 0 Z " fill="#50A4A4" transform="translate(492,131)"/>
<path d="M0 0 C2.60027255 2.60027255 3.38942363 5.20892923 4.75 8.625 C6.87290673 13.83795244 9.25223675 18.21744053 12.99609375 22.44921875 C13.49302734 23.21685547 13.49302734 23.21685547 14 24 C13.67 24.99 13.34 25.98 13 27 C6.99241561 19.01874236 0.83132422 10.25299874 0 0 Z " fill="#236788" transform="translate(46,133)"/>
<path d="M0 0 C11.8069818 -0.32071279 22.53777438 -0.18816872 34 3 C34 3.33 34 3.66 34 4 C31.54126232 3.85941524 29.08314825 3.71277001 26.625 3.5625 C25.57699219 3.50352539 25.57699219 3.50352539 24.5078125 3.44335938 C19.2265625 3.11328125 19.2265625 3.11328125 17 2 C14.12089412 1.76725791 11.25853505 1.58027243 8.375 1.4375 C7.57320313 1.39431641 6.77140625 1.35113281 5.9453125 1.30664062 C3.9637489 1.20048543 1.98189729 1.09973145 0 1 C0 0.67 0 0.34 0 0 Z " fill="#42899B" transform="translate(107,38)"/>
<path d="M0 0 C0.33 0.99 0.66 1.98 1 3 C-0.58203125 5.375 -0.58203125 5.375 -2.8125 8 C-5.02185652 10.62776563 -7.09382639 13.14073958 -9 16 C-10.32 15.67 -11.64 15.34 -13 15 C-12.34 15 -11.68 15 -11 15 C-10.76539063 14.45859375 -10.53078125 13.9171875 -10.2890625 13.359375 C-8.6416356 10.34408456 -6.57346656 7.88815988 -4.375 5.25 C-3.55773437 4.26515625 -2.74046875 3.2803125 -1.8984375 2.265625 C-1.27195313 1.51796875 -0.64546875 0.7703125 0 0 Z " fill="#B6DCE5" transform="translate(182,151)"/>
<path d="M0 0 C0.66 0.33 1.32 0.66 2 1 C-0.96021924 5.04143407 -3.96380024 9.05051458 -7.125 12.9375 C-7.58132813 13.50339844 -8.03765625 14.06929687 -8.5078125 14.65234375 C-10.28190135 16.25459677 -11.66940134 16.60489851 -14 17 C-13.175 16.05125 -12.35 15.1025 -11.5 14.125 C-7.54358862 9.51549679 -3.77324563 4.75965248 0 0 Z " fill="#A2EEEE" transform="translate(640,151)"/>
<path d="M0 0 C0.66 0.33 1.32 0.66 2 1 C0.30119954 3.09176142 -1.4082744 5.17302888 -3.125 7.25 C-3.599375 7.83652344 -4.07375 8.42304687 -4.5625 9.02734375 C-7.71646767 12.82062919 -10.76499304 15.46150918 -15 18 C-13.43489426 14.18008091 -11.01263683 11.84183518 -8.0625 9 C-5.09866051 6.13655566 -2.36933065 3.37805558 0 0 Z " fill="#D1F5F6" transform="translate(286,61)"/>
<path d="M0 0 C0 0.66 0 1.32 0 2 C-1.12019531 2.62648437 -2.24039062 3.25296875 -3.39453125 3.8984375 C-4.86722287 4.72389523 -6.33987718 5.54941954 -7.8125 6.375 C-8.55048828 6.7875 -9.28847656 7.2 -10.04882812 7.625 C-10.76103516 8.02460938 -11.47324219 8.42421875 -12.20703125 8.8359375 C-12.8616333 9.20251465 -13.51623535 9.5690918 -14.19067383 9.94677734 C-15.83176306 10.90206799 -17.4200344 11.9466896 -19 13 C-19 12.01 -19 11.02 -19 10 C-16.93575481 8.4935783 -14.95213206 7.20832354 -12.75 5.9375 C-12.16347656 5.58623047 -11.57695312 5.23496094 -10.97265625 4.87304688 C-2.77414638 0 -2.77414638 0 0 0 Z " fill="#B4ECF2" transform="translate(293,224)"/>
<path d="M0 0 C-1.43486707 4.30460122 -4.62100893 5.27656048 -8.4375 7.25 C-9.47874023 7.81460938 -9.47874023 7.81460938 -10.54101562 8.390625 C-12.32554276 9.33039534 -14.16043481 10.17313528 -16 11 C-16.66 10.67 -17.32 10.34 -18 10 C-15.57470497 6.36205746 -12.8138396 5.14666583 -9 3.3125 C-8.03707031 2.83200195 -8.03707031 2.83200195 -7.0546875 2.34179688 C-2.28121668 0 -2.28121668 0 0 0 Z " fill="#9FEBDC" transform="translate(427,191)"/>
<path d="M0 0 C0.99 0.33 1.98 0.66 3 1 C-2.10658016 5.12231868 -7.08698737 9.10383055 -13 12 C-13.66 11.67 -14.32 11.34 -15 11 C-11.15304854 7.77352458 -7.0859098 5.01313638 -2.890625 2.26953125 C-1.07270473 1.13698792 -1.07270473 1.13698792 0 0 Z " fill="#AFE8E7" transform="translate(624,168)"/>
<path d="M0 0 C6.61242722 1.82221376 12.80520671 4.05223604 19 7 C18.34 8.32 17.68 9.64 17 11 C16.525625 10.401875 16.05125 9.80375 15.5625 9.1875 C12.07316152 6.20879642 8.3635189 5.2307361 4 4 C4 3.34 4 2.68 4 2 C2.68 1.67 1.36 1.34 0 1 C0 0.67 0 0.34 0 0 Z " fill="#BEE7EA" transform="translate(246,128)"/>
<path d="M0 0 C-3.13818524 2.09212349 -5.85675232 3.09570676 -9.4375 4.25 C-10.57058594 4.62640625 -11.70367187 5.0028125 -12.87109375 5.390625 C-16 6 -16 6 -18.41015625 5.109375 C-18.93480469 4.74328125 -19.45945313 4.3771875 -20 4 C-17.79471728 3.32331051 -15.58561391 2.65906502 -13.375 2 C-12.14523438 1.62875 -10.91546875 1.2575 -9.6484375 0.875 C-6.26153174 0.06272281 -3.46145571 -0.17041013 0 0 Z " fill="#B8E6E6" transform="translate(181,216)"/>
<path d="M0 0 C1.485 0.99 1.485 0.99 3 2 C3 2.66 3 3.32 3 4 C3.66 4 4.32 4 5 4 C6.68933922 5.6436814 8.35259924 7.3142876 10 9 C11.64864545 10.35555293 13.31003995 11.69631653 15 13 C14.01 13.33 13.02 13.66 12 14 C7.23034371 11.39480786 2.95251814 7.5517988 0 3 C0 2.01 0 1.02 0 0 Z " fill="#A6EFF2" transform="translate(181,69)"/>
<path d="M0 0 C7.19783936 -0.95971191 11.97296029 2.33800119 18 6 C18 6.66 18 7.32 18 8 C13.78224268 6.64474464 9.70578678 5.09799886 5.625 3.375 C4.56539062 2.92898437 3.50578125 2.48296875 2.4140625 2.0234375 C1.61742187 1.68570313 0.82078125 1.34796875 0 1 C0 0.67 0 0.34 0 0 Z " fill="#AAE8E3" transform="translate(600,38)"/>
<path d="M0 0 C2.5843218 2.5843218 3.10401163 4.89375577 4.1875 8.375 C4.55230469 9.51710938 4.91710937 10.65921875 5.29296875 11.8359375 C5.95860385 14.81474653 6.07938697 16.20871903 5 19 C3.45246253 16.0865925 2.33730669 13.21672747 1.375 10.0625 C1.11460937 9.22847656 0.85421875 8.39445312 0.5859375 7.53515625 C-0.01494131 4.93535395 -0.10462243 2.65836091 0 0 Z " fill="#CBF0EF" transform="translate(647,78)"/>
<path d="M0 0 C0.66 0.33 1.32 0.66 2 1 C-2.88701086 5.38145801 -10.24827894 11 -17 11 C-17 10.34 -17 9.68 -17 9 C-15.865625 8.62875 -14.73125 8.2575 -13.5625 7.875 C-8.52927223 6.01117505 -4.34337078 3.1067166 0 0 Z " fill="#1C5684" transform="translate(162,358)"/>
<path d="M0 0 C1.79341438 4.16673521 0.01173384 7.74663341 -1.4375 11.75 C-1.68048828 12.44738281 -1.92347656 13.14476562 -2.17382812 13.86328125 C-2.77310248 15.57885098 -3.38529885 17.28989715 -4 19 C-4.66 18.67 -5.32 18.34 -6 18 C-4.60061654 11.70277443 -2.50710309 5.93915684 0 0 Z " fill="#CDEEEE" transform="translate(48,266)"/>
<path d="M0 0 C0 0.33 0 0.66 0 1 C-2.6652464 1.50881977 -5.33178419 2.00720141 -8 2.5 C-9.11568359 2.71462891 -9.11568359 2.71462891 -10.25390625 2.93359375 C-15.25220015 3.84632568 -19.91920316 4.13856719 -25 4 C-25 3.67 -25 3.34 -25 3 C-24.14277344 2.87882813 -23.28554688 2.75765625 -22.40234375 2.6328125 C-15.11133137 1.6337695 -15.11133137 1.6337695 -8 -0.1875 C-4.84948058 -1.04076568 -3.09121259 -0.93673109 0 0 Z " fill="#BDE4E6" transform="translate(376,212)"/>
<path d="M0 0 C-1.40019875 4.20059624 -4.36825877 5.19051525 -8.0625 7.1875 C-8.72572266 7.55552734 -9.38894531 7.92355469 -10.07226562 8.30273438 C-11.71027457 9.21012062 -13.35456221 10.10615573 -15 11 C-15 10.01 -15 9.02 -15 8 C-12.8940354 6.44870495 -10.87244957 5.12351225 -8.625 3.8125 C-8.02171875 3.44447266 -7.4184375 3.07644531 -6.796875 2.69726562 C-2.29309195 0 -2.29309195 0 0 0 Z " fill="#A8F0EA" transform="translate(442,182)"/>
<path d="M0 0 C0.63989258 1.80004883 0.63989258 1.80004883 1 4 C-0.69468292 6.42224313 -2.34890472 8.50653255 -4.3125 10.6875 C-4.82490234 11.28111328 -5.33730469 11.87472656 -5.86523438 12.48632812 C-9.66726824 16.83363412 -9.66726824 16.83363412 -12 18 C-10.21701227 13.94775517 -7.59592647 10.55464931 -5 7 C-4.06105243 5.68853519 -3.12349018 4.37607713 -2.1875 3.0625 C-1.1046875 1.5465625 -1.1046875 1.5465625 0 0 Z " fill="#CFFAFC" transform="translate(250,158)"/>
<path d="M0 0 C-2.34882224 2.34882224 -4.27123667 3.03503024 -7.375 4.1875 C-8.33148438 4.55230469 -9.28796875 4.91710937 -10.2734375 5.29296875 C-13.05285296 6.01370542 -14.35108103 5.98549829 -17 5 C-14.73392948 3.96724659 -12.46318061 2.94866449 -10.1875 1.9375 C-9.22360352 1.49567383 -9.22360352 1.49567383 -8.24023438 1.04492188 C-3.33984375 -1.11328125 -3.33984375 -1.11328125 0 0 Z " fill="#A7E0E1" transform="translate(505,190)"/>
<path d="M0 0 C0.99 0.33 1.98 0.66 3 1 C1.8966898 2.58393026 0.79231456 4.16711868 -0.3125 5.75 C-0.92738281 6.63171875 -1.54226562 7.5134375 -2.17578125 8.421875 C-3.74833065 10.64432169 -5.35368512 12.83192994 -7 15 C-6.68383092 8.83470299 -3.50784939 4.82731567 0 0 Z " fill="#B5DFF1" transform="translate(56,253)"/>
<path d="M0 0 C-5.93852229 3.95901486 -12.08104381 4.24710558 -19 4 C-12.8121893 0.53482601 -6.94625504 -0.24372825 0 0 Z " fill="#B7EDF0" transform="translate(391,208)"/>
<path d="M0 0 C0.66 0.66 1.32 1.32 2 2 C-1.3 5.3 -4.6 8.6 -8 12 C-8.99 11.67 -9.98 11.34 -11 11 C-9.71034824 9.62437146 -8.37310707 8.29233607 -7 7 C-6.34 7 -5.68 7 -5 7 C-4.731875 6.401875 -4.46375 5.80375 -4.1875 5.1875 C-3.01506533 3.02775192 -1.80630718 1.64209744 0 0 Z " fill="#94E2F5" transform="translate(237,175)"/>
<path d="M0 0 C0.66 0.33 1.32 0.66 2 1 C-1.66666667 4.66666667 -5.33333333 8.33333333 -9 12 C-9.99 11.67 -10.98 11.34 -12 11 C-8.04 7.37 -4.08 3.74 0 0 Z " fill="#2F8A90" transform="translate(304,45)"/>
<path d="M0 0 C0.99 0.33 1.98 0.66 3 1 C-0.3 4.3 -3.6 7.6 -7 11 C-7.33 10.01 -7.66 9.02 -8 8 C-5.36 5.36 -2.72 2.72 0 0 Z " fill="#D5F3F5" transform="translate(191,142)"/>
<path d="M0 0 C1 3 1 3 -0.43359375 6.13671875 C-1.09135973 7.3260128 -1.75977815 8.50946371 -2.4375 9.6875 C-2.77587891 10.29400391 -3.11425781 10.90050781 -3.46289062 11.52539062 C-4.29957915 13.0220025 -5.14862831 14.51169189 -6 16 C-7 14 -7 14 -6.22265625 11.6171875 C-5.83980469 10.71226562 -5.45695313 9.80734375 -5.0625 8.875 C-4.68222656 7.96492188 -4.30195313 7.05484375 -3.91015625 6.1171875 C-3.60980469 5.41851562 -3.30945313 4.71984375 -3 4 C-2.34 4 -1.68 4 -1 4 C-0.67 2.68 -0.34 1.36 0 0 Z " fill="#C7DDE7" transform="translate(189,325)"/>
<path d="M0 0 C0.66 0.99 1.32 1.98 2 3 C-0.31 6.63 -2.62 10.26 -5 14 C-5.33 13.34 -5.66 12.68 -6 12 C-4.37989375 7.70671843 -2.46857215 3.87918481 0 0 Z " fill="#B4DCE4" transform="translate(212,251)"/>
<path d="M0 0 C-1.34306784 4.02920351 -3.39014203 4.8706069 -6.921875 6.9921875 C-9.40754338 8.19764322 -11.27152974 8.42632348 -14 8 C-3.89473684 0 -3.89473684 0 0 0 Z " fill="#A4F2F3" transform="translate(271,78)"/>
<path d="M0 0 C-1.21918383 3.6575515 -2.84071298 4.42328869 -6.14453125 6.21484375 C-8.51473693 7.217815 -10.45898646 7.30800164 -13 7 C-4.25 0 -4.25 0 0 0 Z " fill="#A0D6E6" transform="translate(161,362)"/>
<path d="M0 0 C0.66 0.33 1.32 0.66 2 1 C1.51917969 1.47953125 1.03835938 1.9590625 0.54296875 2.453125 C-1.68312178 6.1275833 -1.56493144 9.5266376 -1.6875 13.75 C-1.72166016 14.54277344 -1.75582031 15.33554688 -1.79101562 16.15234375 C-1.87319104 18.10107504 -1.93828045 20.05051362 -2 22 C-2.33 22 -2.66 22 -3 22 C-3.08710289 18.89601022 -3.14042309 15.79233452 -3.1875 12.6875 C-3.21263672 11.80642578 -3.23777344 10.92535156 -3.26367188 10.01757812 C-3.27333984 9.17001953 -3.28300781 8.32246094 -3.29296875 7.44921875 C-3.3086792 6.66893311 -3.32438965 5.88864746 -3.34057617 5.0847168 C-2.91847304 2.50096147 -1.98510058 1.63707833 0 0 Z " fill="#1D6D89" transform="translate(277,234)"/>
<path d="M0 0 C-3.64859761 3.04049801 -7.7444533 4.96518762 -12 7 C-12 6.01 -12 5.02 -12 4 C-10.56988027 3.13353333 -9.13059381 2.28218171 -7.6875 1.4375 C-6.48673828 0.72400391 -6.48673828 0.72400391 -5.26171875 -0.00390625 C-3 -1 -3 -1 0 0 Z " fill="#8EECEB" transform="translate(546,41)"/>
<path d="M0 0 C0.33 0.99 0.66 1.98 1 3 C-0.40372802 4.20276695 -1.82352097 5.38680519 -3.25 6.5625 C-4.43335938 7.55443359 -4.43335938 7.55443359 -5.640625 8.56640625 C-8 10 -8 10 -10.296875 9.71484375 C-10.85890625 9.47894531 -11.4209375 9.24304688 -12 9 C-11.30132812 8.51789062 -10.60265625 8.03578125 -9.8828125 7.5390625 C-8.97273438 6.90742187 -8.06265625 6.27578125 -7.125 5.625 C-6.22007812 4.99851562 -5.31515625 4.37203125 -4.3828125 3.7265625 C-1.96505875 2.0701905 -1.96505875 2.0701905 0 0 Z " fill="#A7DDEB" transform="translate(392,605)"/>
<path d="M0 0 C0.66 0.33 1.32 0.66 2 1 C1.67 2.32 1.34 3.64 1 5 C0.34 5 -0.32 5 -1 5 C-1.12375 5.94875 -1.2475 6.8975 -1.375 7.875 C-2 11 -2 11 -4 13 C-3.55966813 7.80408388 -3.11696661 4.33664919 0 0 Z " fill="#417D99" transform="translate(205,260)"/>
<path d="M0 0 C0.33 0.99 0.66 1.98 1 3 C-0.36328125 5.26171875 -0.36328125 5.26171875 -2.3125 7.6875 C-2.94800781 8.49574219 -3.58351563 9.30398437 -4.23828125 10.13671875 C-5.11033203 11.05904297 -5.11033203 11.05904297 -6 12 C-6.66 12 -7.32 12 -8 12 C-8.33 12.66 -8.66 13.32 -9 14 C-8.41827275 10.0479482 -6.44842259 7.77904947 -3.9375 4.75 C-3.20402344 3.85796875 -2.47054688 2.9659375 -1.71484375 2.046875 C-1.14894531 1.37140625 -0.58304687 0.6959375 0 0 Z " fill="#CBEFF0" transform="translate(410,150)"/>
<path d="M0 0 C2.24973447 -0.054138 4.49984383 -0.09285491 6.75 -0.125 C8.00296875 -0.14820312 9.2559375 -0.17140625 10.546875 -0.1953125 C13.72820492 -0.01537302 15.36521896 0.31001418 18 2 C18 2.33 18 2.66 18 3 C12 2.33333333 6 1.66666667 0 1 C0 0.67 0 0.34 0 0 Z " fill="#B9EBEB" transform="translate(354,32)"/>
<path d="M0 0 C-1.27351308 3.82053924 -2.62637525 4.23021375 -6.0625 6.1875 C-6.98160156 6.71730469 -7.90070313 7.24710938 -8.84765625 7.79296875 C-9.55792969 8.19128906 -10.26820313 8.58960938 -11 9 C-11 8.01 -11 7.02 -11 6 C-9.1015625 4.39453125 -9.1015625 4.39453125 -6.625 2.8125 C-5.81289063 2.28269531 -5.00078125 1.75289062 -4.1640625 1.20703125 C-2 0 -2 0 0 0 Z " fill="#1D5585" transform="translate(386,609)"/>
<path d="M0 0 C3.45925163 1.2491742 6.14693203 2.67527795 9 5 C8.67 5.99 8.34 6.98 8 8 C5.03 6.02 2.06 4.04 -1 2 C-0.67 1.34 -0.34 0.68 0 0 Z " fill="#9ECBEA" transform="translate(158,48)"/>
<path d="M0 0 C0.33 0 0.66 0 1 0 C0.53680089 4.72463088 -0.09891706 8.17057052 -3 12 C-3.66 12 -4.32 12 -5 12 C-3.68938409 7.76570244 -2.05643741 3.92592596 0 0 Z " fill="#368192" transform="translate(263,139)"/>
<path d="M0 0 C-1.11666174 3.34998521 -1.74694925 3.79340222 -4.5625 5.6875 C-5.20316406 6.12449219 -5.84382813 6.56148437 -6.50390625 7.01171875 C-6.99761719 7.33785156 -7.49132812 7.66398437 -8 8 C-8.66 7.34 -9.32 6.68 -10 6 C-8.71283353 4.99421411 -7.42011342 3.99553202 -6.125 3 C-5.40570313 2.443125 -4.68640625 1.88625 -3.9453125 1.3125 C-2 0 -2 0 0 0 Z " fill="#9BDCF3" transform="translate(307,42)"/>
<path d="M0 0 C0.99 0.33 1.98 0.66 3 1 C0.36 3.64 -2.28 6.28 -5 9 C-5.66 8.67 -6.32 8.34 -7 8 C-4.69 5.36 -2.38 2.72 0 0 Z " fill="#26618B" transform="translate(63,248)"/>
<path d="M0 0 C0.33 0.99 0.66 1.98 1 3 C-0.1196986 4.00593243 -1.2459412 5.0045849 -2.375 6 C-3.00148438 6.556875 -3.62796875 7.11375 -4.2734375 7.6875 C-6 9 -6 9 -8 9 C-6.4169423 4.7257442 -3.49431596 2.73468206 0 0 Z " fill="#98EEF2" transform="translate(400,162)"/>
<path d="M0 0 C-1.66751148 3.94139078 -4.22710649 6.7892812 -7 10 C-7.33 9.01 -7.66 8.02 -8 7 C-6.85546875 5.17578125 -6.85546875 5.17578125 -5.1875 3.3125 C-4.37345703 2.37857422 -4.37345703 2.37857422 -3.54296875 1.42578125 C-2 0 -2 0 0 0 Z " fill="#2F8790" transform="translate(410,150)"/>
<path d="M0 0 C0.33 0.99 0.66 1.98 1 3 C-1.64 5.64 -4.28 8.28 -7 11 C-7.66 10.67 -8.32 10.34 -9 10 C-6.03 6.7 -3.06 3.4 0 0 Z " fill="#388B93" transform="translate(284,66)"/>
<path d="M0 0 C0.66 0 1.32 0 2 0 C0.44499019 3.81684226 -2.03595495 6.19195732 -5 9 C-5.66 8.67 -6.32 8.34 -7 8 C-5.88200014 6.66079162 -4.75538103 5.32877444 -3.625 4 C-2.68527344 2.88625 -2.68527344 2.88625 -1.7265625 1.75 C-1.15679687 1.1725 -0.58703125 0.595 0 0 Z " fill="#CEF2F8" transform="translate(64,244)"/>
<path d="M0 0 C2.97 1.65 5.94 3.3 9 5 C9 5.66 9 6.32 9 7 C5.40608886 5.66511872 2.24509304 4.03977277 -1 2 C-0.67 1.34 -0.34 0.68 0 0 Z " fill="#9ADEE9" transform="translate(387,41)"/>
<path d="M0 0 C-1.49097658 3.7952131 -3.75700849 5.61042731 -7 8 C-7 5 -7 5 -4.625 2.3125 C-2 0 -2 0 0 0 Z " fill="#336591" transform="translate(400,597)"/>
<path d="M0 0 C0.99 0.33 1.98 0.66 3 1 C0.69 3.31 -1.62 5.62 -4 8 C-4.33 7.01 -4.66 6.02 -5 5 C-3.35 3.35 -1.7 1.7 0 0 Z " fill="#3C8C96" transform="translate(457,214)"/>
<path d="M0 0 C0.99 0.33 1.98 0.66 3 1 C1.90716423 2.03295436 0.80029421 3.05107835 -0.3125 4.0625 C-0.92738281 4.63097656 -1.54226562 5.19945312 -2.17578125 5.78515625 C-2.77777344 6.18605469 -3.37976563 6.58695313 -4 7 C-4.99 6.67 -5.98 6.34 -7 6 C-5.90716423 4.96704564 -4.80029421 3.94892165 -3.6875 2.9375 C-3.07261719 2.36902344 -2.45773438 1.80054688 -1.82421875 1.21484375 C-0.92123047 0.61349609 -0.92123047 0.61349609 0 0 Z " fill="#C9E8EE" transform="translate(246,215)"/>
<path d="M0 0 C0 0.99 0 1.98 0 3 C-4.455 4.485 -4.455 4.485 -9 6 C-8 3 -8 3 -6.15234375 2.05078125 C-5.42144531 1.80714844 -4.69054687 1.56351563 -3.9375 1.3125 C-3.20402344 1.06113281 -2.47054688 0.80976563 -1.71484375 0.55078125 C-0.86599609 0.27814453 -0.86599609 0.27814453 0 0 Z " fill="#BEF1F4" transform="translate(409,199)"/>
<path d="M0 0 C4.59306496 1.4859916 7.43569245 3.85014682 11 7 C10.01 7.495 10.01 7.495 9 8 C7.68388323 7.04663979 6.37221039 6.08714226 5.0625 5.125 C4.33160156 4.59132813 3.60070312 4.05765625 2.84765625 3.5078125 C1 2 1 2 0 0 Z " fill="#205585" transform="translate(68,355)"/>
<path d="M0 0 C0.33 0.99 0.66 1.98 1 3 C-3.25566547 4.16063604 -6.6835078 3.76173392 -11 3 C-11 2.67 -11 2.34 -11 2 C-5.555 1.01 -5.555 1.01 0 0 Z " fill="#ADF0F4" transform="translate(245,89)"/>
<path d="M0 0 C0 0.66 0 1.32 0 2 C-1.42578125 3.32421875 -1.42578125 3.32421875 -3.3125 4.6875 C-3.92738281 5.14511719 -4.54226562 5.60273437 -5.17578125 6.07421875 C-5.77777344 6.37972656 -6.37976563 6.68523438 -7 7 C-7.99 6.67 -8.98 6.34 -10 6 C-8.71283353 4.99421411 -7.42011342 3.99553202 -6.125 3 C-5.40570313 2.443125 -4.68640625 1.88625 -3.9453125 1.3125 C-2 0 -2 0 0 0 Z " fill="#A3EBEF" transform="translate(76,49)"/>
<path d="M0 0 C3.96 1.98 3.96 1.98 8 4 C8 4.66 8 5.32 8 6 C2.25 4.125 2.25 4.125 0 3 C0 2.01 0 1.02 0 0 Z " fill="#C5EBEE" transform="translate(150,43)"/>
<path d="M0 0 C0.66 0 1.32 0 2 0 C0.52307692 4.67692308 0.52307692 4.67692308 -2.125 6.3125 C-3.053125 6.6528125 -3.053125 6.6528125 -4 7 C-2.92598892 4.08482708 -2.22189824 2.22189824 0 0 Z " fill="#B8D5E1" transform="translate(180,341)"/>
<path d="M0 0 C0.99 0.33 1.98 0.66 3 1 C-1.39453125 5.00390625 -1.39453125 5.00390625 -3 6 C-3.99 5.67 -4.98 5.34 -6 5 C-1.60546875 0.99609375 -1.60546875 0.99609375 0 0 Z " fill="#A5F0F2" transform="translate(468,207)"/>
<path d="M0 0 C0.99 0.33 1.98 0.66 3 1 C0.36 2.98 -2.28 4.96 -5 7 C-4 3 -4 3 -2.125 1.1875 C-1.42375 0.795625 -0.7225 0.40375 0 0 Z " fill="#348891" transform="translate(465,207)"/>
<path d="M0 0 C0 0.66 0 1.32 0 2 C-4.15267176 5.11450382 -4.15267176 5.11450382 -7.3125 4.6875 C-7.869375 4.460625 -8.42625 4.23375 -9 4 C-2.25 0 -2.25 0 0 0 Z " fill="#B3DDE4" transform="translate(269,201)"/>
<path d="M0 0 C0.33 0.66 0.66 1.32 1 2 C-0.1875 4.5625 -0.1875 4.5625 -2 7 C-3.32 7.33 -4.64 7.66 -6 8 C-4.02 5.36 -2.04 2.72 0 0 Z " fill="#3F8397" transform="translate(245,168)"/>
<path d="M0 0 C1.33897583 0.95043374 2.67105427 1.91059147 4 2.875 C5.11375 3.67550781 5.11375 3.67550781 6.25 4.4921875 C6.8275 4.98976562 7.405 5.48734375 8 6 C8 6.66 8 7.32 8 8 C4.63820226 6.55922954 2.40843732 4.75249979 0 2 C0 1.34 0 0.68 0 0 Z " fill="#B6EDF3" transform="translate(62,164)"/>
<path d="M0 0 C0 3 0 3 -2.5 5.6875 C-3.325 6.450625 -4.15 7.21375 -5 8 C-5 5 -5 5 -2.5 2.3125 C-1.675 1.549375 -0.85 0.78625 0 0 Z " fill="#40999B" transform="translate(486,143)"/>
<path d="M0 0 C-0.99 0 -1.98 0 -3 0 C-3 0.66 -3 1.32 -3 2 C-5.375 2.625 -5.375 2.625 -8 3 C-8.66 2.34 -9.32 1.68 -10 1 C-3.71428571 -1.42857143 -3.71428571 -1.42857143 0 0 Z " fill="#ACD9C6" transform="translate(220,129)"/>
<path d="M0 0 C0.99 0.33 1.98 0.66 3 1 C1.35 2.65 -0.3 4.3 -2 6 C-2.99 5.67 -3.98 5.34 -5 5 C-3.35 3.35 -1.7 1.7 0 0 Z " fill="#216F8A" transform="translate(65,59)"/>
<path d="M0 0 C-0.66 0.66 -1.32 1.32 -2 2 C-5.625 1.625 -5.625 1.625 -9 1 C-9 0.67 -9 0.34 -9 0 C-5.62182575 -0.84454356 -3.32534757 -1.10844919 0 0 Z " fill="#9DC6DD" transform="translate(356,626)"/>
<path d="M0 0 C0.8125 1.6875 0.8125 1.6875 1 4 C-1.4375 6.75 -1.4375 6.75 -4 9 C-4.33 8.01 -4.66 7.02 -5 6 C-4.360625 5.38125 -3.72125 4.7625 -3.0625 4.125 C-0.96116416 2.17402388 -0.96116416 2.17402388 0 0 Z " fill="#B1F4F6" transform="translate(250,158)"/>
<path d="M0 0 C-6.75 4 -6.75 4 -9 4 C-8 1 -8 1 -6.1875 -0.25 C-3.66056586 -1.11637742 -2.47778006 -0.88492145 0 0 Z " fill="#B2DFE5" transform="translate(85,46)"/>
<path d="" fill="#FFFFFF" transform="translate(0,0)"/>
<path d="" fill="#FFFFFF" transform="translate(0,0)"/>
</svg>
